10000 0 1 1
10000 0 1 1
10000 0 1 0
10000 0 1 1
10000 0 1 1
10000 1 1 0
10000 1 1 1
10000 1 1 1
10000 1 1 1
10000 1 1 1
10000 2 1 1
10000 2 1 1
10000 2 1 1
10000 2 1 1
10000 2 1 1
10000 3 1 1
10000 3 1 1
10000 3 1 1
10000 3 1 1
10000 3 1 0
10000 4 1 1
10000 4 1 1
10000 4 1 1
10000 4 0 1
10000 4 1 1
10000 5 1 1
10000 5 1 1
10000 5 1 1
10000 5 1 1
10000 5 1 1
10000 6 1 1
10000 6 1 1
10000 6 0 1
10000 6 1 0
10000 6 1 1
10000 7 1 1
10000 7 1 1
10000 7 1 1
10000 7 1 0
10000 7 1 1
10000 8 1 1
10000 8 1 1
10000 8 1 0
10000 8 1 1
10000 8 1 1
10000 9 0 1
10000 9 1 1
10000 9 1 1
10000 9 1 1
10000 9 1 1
10000 10 1 1
10000 10 0 1
10000 10 1 1
10000 10 1 1
10000 10 1 1
10000 11 1 1
10000 11 1 0
10000 11 2 1
10000 11 1 1
10000 11 1 1
10000 12 1 0
10000 12 1 1
10000 12 1 1
10000 12 1 1
10000 12 1 1
10000 13 1 1
10000 13 1 2
10000 13 1 2
10000 13 1 1
10000 13 1 1
10000 14 1 1
10000 14 1 2
10000 14 1 1
10000 14 1 1
10000 14 1 1
10000 15 0 1
10000 15 1 1
10000 15 0 1
10000 15 1 0
10000 15 1 1
10000 16 1 1
10000 16 1 0
10000 16 2 2
10000 16 1 1
10000 16 1 1
10000 17 1 1
10000 17 1 1
10000 17 1 1
10000 17 1 1
10000 17 1 1
10000 18 1 1
10000 18 1 0
10000 18 2 0
10000 18 1 1
10000 18 1 1
10000 19 2 2
10000 19 1 0
10000 19 1 1
10000 19 2 2
10000 19 1 1
10000 20 1 0
10000 20 1 1
10000 20 1 1
10000 20 2 0
10000 20 1 1
10000 21 1 0
10000 21 1 1
10000 21 1 1
10000 21 1 1
10000 21 1 1
10000 22 0 1
10000 22 1 1
10000 22 1 0
10000 22 0 1
10000 22 1 1
10000 23 1 1
10000 23 1 0
10000 23 1 0
10000 23 0 1
10000 23 0 0
10000 24 0 1
10000 24 1 0
10000 24 1 0
10000 24 0 1
10000 24 1 0
10000 25 1 1
10000 25 1 0
10000 25 0 1
10000 25 1 0
10000 25 1 0
10000 26 1 2
10000 26 1 1
10000 26 0 1
10000 26 1 1
10000 26 1 1
10000 27 1 1
10000 27 1 1
10000 27 1 1
10000 27 1 1
10000 27 1 1
10000 28 1 1
10000 28 1 1
10000 28 1 1
10000 28 0 1
10000 28 1 1
10000 29 1 1
10000 29 1 0
10000 29 1 1
10000 29 2 2
10000 29 2 1
10000 30 1 1
10000 30 1 0
10000 30 1 0
10000 30 1 0
10000 30 1 1
10000 31 1 1
10000 31 1 1
10000 31 1 1
10000 31 1 1
10000 31 1 1
10000 32 1 1
10000 32 2 0
10000 32 1 1
10000 32 1 0
10000 32 1 1
10000 33 1 0
10000 33 0 1
10000 33 1 0
10000 33 2 1
10000 33 1 1
10000 34 1 1
10000 34 1 1
10000 34 1 0
10000 34 1 1
10000 34 1 1
10000 35 2 1
10000 35 1 1
10000 35 1 1
10000 35 1 1
10000 35 1 1
10000 36 1 1
10000 36 1 1
10000 36 0 1
10000 36 0 1
10000 36 1 0
10000 37 1 1
10000 37 1 1
10000 37 1 1
10000 37 1 0
10000 37 1 1
10000 38 1 1
10000 38 0 1
10000 38 1 0
10000 38 1 1
10000 38 0 1
10000 39 1 1
10000 39 1 1
10000 39 1 1
10000 39 1 1
10000 39 1 1
10000 40 1 0
10000 40 1 1
10000 40 1 1
10000 40 1 1
10000 40 1 1
10000 41 1 1
10000 41 1 1
10000 41 1 1
10000 41 1 1
10000 41 1 1
10000 42 1 0
10000 42 1 1
10000 42 1 1
10000 42 1 1
10000 42 1 0
10000 43 1 1
10000 43 1 1
10000 43 1 0
10000 43 1 1
10000 43 1 1
10000 44 1 1
10000 44 1 1
10000 44 0 1
10000 44 1 0
10000 44 1 2
10000 45 2 1
10000 45 1 0
10000 45 2 1
10000 45 1 0
10000 45 1 0
10000 46 1 0
10000 46 1 1
10000 46 0 1
10000 46 1 1
10000 46 1 1
10000 47 1 1
10000 47 1 1
10000 47 1 2
10000 47 1 1
10000 47 2 1
10000 48 1 1
10000 48 1 1
10000 48 0 1
10000 48 1 0
10000 48 1 1
10000 49 1 1
10000 49 1 1
10000 49 1 1
10000 49 1 1
10000 49 1 1
10000 50 1 1
10000 50 1 0
10000 50 1 0
10000 50 2 1
10000 50 1 0
10000 51 1 1
10000 51 1 0
10000 51 1 1
10000 51 1 1
10000 51 1 1
10000 52 2 0
10000 52 2 1
10000 52 0 1
10000 52 0 1
10000 52 0 1
10000 53 1 0
10000 53 1 1
10000 53 2 1
10000 53 1 2
10000 53 1 0
10000 54 0 1
10000 54 2 1
10000 54 1 1
10000 54 1 0
10000 54 1 0
10000 55 1 1
10000 55 1 1
10000 55 1 1
10000 55 1 1
10000 55 1 0
10000 56 1 1
10000 56 1 1
10000 56 1 2
10000 56 1 0
10000 56 1 1
10000 57 1 1
10000 57 1 1
10000 57 1 0
10000 57 2 2
10000 57 1 1
10000 58 1 1
10000 58 2 0
10000 58 1 1
10000 58 1 0
10000 58 1 1
10000 59 0 2
10000 59 1 1
10000 59 1 1
10000 59 1 1
10000 59 1 1
10000 60 1 0
10000 60 1 0
10000 60 1 1
10000 60 1 0
10000 60 1 1
10000 61 1 1
10000 61 1 1
10000 61 1 1
10000 61 1 1
10000 61 1 1
10000 62 1 1
10000 62 1 1
10000 62 0 1
10000 62 1 1
10000 62 1 1
10000 63 1 0
10000 63 1 1
10000 63 1 1
10000 63 2 1
10000 63 0 1
10000 64 1 1
10000 64 1 2
10000 64 1 1
10000 64 0 1
10000 64 0 1
10000 65 1 1
10000 65 1 1
10000 65 1 1
10000 65 1 1
10000 65 1 1
10000 66 1 1
10000 66 1 1
10000 66 1 1
10000 66 1 1
10000 66 1 0
10000 67 1 1
10000 67 1 0
10000 67 0 0
10000 67 0 1
10000 67 1 2
10000 68 0 1
10000 68 1 1
10000 68 1 1
10000 68 1 1
10000 68 1 1
10000 69 1 0
10000 69 1 1
10000 69 1 0
10000 69 0 1
10000 69 1 1
10000 70 1 1
10000 70 1 1
10000 70 1 1
10000 70 2 0
10000 70 1 1
10000 71 1 2
10000 71 1 0
10000 71 1 1
10000 71 0 0
10000 71 1 1
10000 72 0 2
10000 72 2 0
10000 72 1 0
10000 72 1 0
10000 72 1 1
10000 73 1 1
10000 73 0 1
10000 73 1 1
10000 73 2 2
10000 73 1 1
10000 74 1 1
10000 74 1 0
10000 74 1 1
10000 74 1 1
10000 74 1 1
10000 75 0 1
10000 75 1 1
10000 75 1 1
10000 75 1 1
10000 75 1 1
10000 76 1 1
10000 76 0 1
10000 76 1 1
10000 76 1 1
10000 76 1 0
10000 77 1 1
10000 77 1 1
10000 77 1 0
10000 77 1 2
10000 77 1 1
10000 78 2 1
10000 78 1 1
10000 78 1 1
10000 78 0 1
10000 78 0 1
10000 79 1 1
10000 79 1 1
10000 79 1 1
10000 79 1 1
10000 79 1 1
10000 80 1 0
10000 80 1 1
10000 80 1 0
10000 80 1 1
10000 80 1 1
10000 81 0 1
10000 81 1 1
10000 81 1 1
10000 81 1 1
10000 81 1 1
10000 82 1 2
10000 82 1 1
10000 82 1 1
10000 82 0 1
10000 82 1 1
10000 83 1 1
10000 83 1 1
10000 83 1 2
10000 83 0 1
10000 83 0 1
10000 84 1 1
10000 84 1 1
10000 84 1 1
10000 84 1 0
10000 84 1 0
10000 85 1 1
10000 85 1 1
10000 85 1 1
10000 85 1 1
10000 85 1 0
10000 86 1 1
10000 86 1 1
10000 86 1 1
10000 86 1 0
10000 86 1 1
10000 87 1 1
10000 87 0 1
10000 87 1 1
10000 87 1 1
10000 87 1 1
10000 88 1 1
10000 88 1 1
10000 88 1 1
10000 88 1 0
10000 88 1 0
10000 89 1 1
10000 89 1 1
10000 89 1 0
10000 89 1 1
10000 89 0 1
10000 90 1 1
10000 90 1 1
10000 90 0 1
10000 90 1 0
10000 90 1 1
10000 91 1 0
10000 91 1 1
10000 91 2 2
10000 91 1 1
10000 91 1 0
10000 92 1 0
10000 92 0 1
10000 92 1 0
10000 92 1 1
10000 92 1 1
10000 93 1 1
10000 93 1 0
10000 93 1 1
10000 93 1 1
10000 93 0 1
10000 94 1 1
10000 94 1 1
10000 94 1 1
10000 94 1 1
10000 94 2 1
10000 95 2 1
10000 95 1 1
10000 95 1 0
10000 95 1 1
10000 95 1 1
10000 96 2 1
10000 96 1 1
10000 96 0 1
10000 96 1 1
10000 96 1 0
10000 97 1 1
10000 97 1 1
10000 97 1 1
10000 97 1 1
10000 97 1 1
10000 98 1 0
10000 98 1 0
10000 98 1 1
10000 98 1 1
10000 98 1 1
10000 99 1 1
10000 99 2 2
10000 99 1 1
10000 99 1 1
10000 99 1 1
10000 100 0 1
10000 100 0 0
10000 100 1 0
10000 100 1 1
10000 100 1 1
10000 101 1 1
10000 101 1 1
10000 101 0 1
10000 101 1 1
10000 101 1 1
10000 102 1 1
10000 102 1 0
10000 102 1 1
10000 102 1 1
10000 102 0 1
10000 103 1 1
10000 103 1 1
10000 103 1 1
10000 103 1 1
10000 103 1 2
10000 104 1 1
10000 104 3 2
10000 104 1 0
10000 104 1 1
10000 104 1 1
10000 105 1 1
10000 105 1 1
10000 105 1 1
10000 105 1 1
10000 105 1 1
10000 106 0 1
10000 106 1 1
10000 106 1 2
10000 106 1 1
10000 106 1 1
10000 107 1 0
10000 107 1 1
10000 107 1 0
10000 107 1 1
10000 107 0 1
10000 108 1 1
10000 108 1 1
10000 108 1 1
10000 108 1 1
10000 108 0 1
10000 109 1 1
10000 109 1 0
10000 109 1 1
10000 109 1 1
10000 109 1 1
10000 110 1 1
10000 110 0 1
10000 110 1 1
10000 110 1 1
10000 110 1 1
10000 111 1 1
10000 111 1 1
10000 111 1 1
10000 111 1 1
10000 111 2 1
10000 112 2 2
10000 112 1 2
10000 112 1 1
10000 112 1 1
10000 112 1 1
10000 113 1 0
10000 113 1 0
10000 113 1 1
10000 113 0 0
10000 113 0 1
10000 114 1 0
10000 114 1 1
10000 114 1 1
10000 114 0 1
10000 114 2 2
10000 115 0 0
10000 115 1 1
10000 115 0 1
10000 115 0 1
10000 115 1 1
10000 116 1 1
10000 116 0 1
10000 116 1 1
10000 116 1 1
10000 116 1 1
10000 117 0 1
10000 117 1 1
10000 117 1 1
10000 117 1 0
10000 117 1 1
10000 118 1 1
10000 118 1 0
10000 118 1 1
10000 118 1 1
10000 118 1 1
10000 119 1 1
10000 119 1 0
10000 119 1 1
10000 119 1 1
10000 119 1 1
10000 120 0 0
10000 120 1 0
10000 120 1 2
10000 120 1 0
10000 120 1 2
10000 121 1 0
10000 121 0 1
10000 121 1 1
10000 121 1 0
10000 121 1 1
10000 122 1 1
10000 122 1 2
10000 122 1 1
10000 122 1 1
10000 122 1 0
10000 123 2 1
10000 123 1 1
10000 123 1 1
10000 123 1 1
10000 123 1 1
10000 124 1 1
10000 124 1 1
10000 124 1 1
10000 124 1 1
10000 124 1 1
10000 125 0 1
10000 125 1 0
10000 125 1 1
10000 125 2 2
10000 125 0 0
10000 126 1 1
10000 126 1 1
10000 126 1 3
10000 126 2 0
10000 126 1 1
10000 127 1 1
10000 127 1 1
10000 127 0 1
10000 127 1 1
10000 127 1 1
10000 128 0 1
10000 128 1 1
10000 128 1 1
10000 128 1 1
10000 128 1 1
10000 129 0 1
10000 129 2 1
10000 129 1 1
10000 129 1 1
10000 129 1 1
10000 130 1 0
10000 130 0 1
10000 130 1 1
10000 130 1 1
10000 130 1 1
10000 131 1 1
10000 131 1 1
10000 131 0 1
10000 131 2 0
10000 131 1 0
10000 132 2 2
10000 132 0 1
10000 132 1 1
10000 132 1 1
10000 132 0 1
10000 133 1 1
10000 133 1 1
10000 133 1 1
10000 133 1 2
10000 133 0 1
10000 134 2 0
10000 134 1 2
10000 134 0 1
10000 134 1 1
10000 134 1 1
10000 135 1 0
10000 135 0 2
10000 135 1 0
10000 135 1 1
10000 135 0 1
10000 136 1 1
10000 136 1 2
10000 136 1 2
10000 136 2 3
10000 136 1 1
10000 137 1 1
10000 137 1 1
10000 137 2 2
10000 137 1 11
10000 137 1 1
10000 138 1 1
10000 138 2 1
10000 138 1 1
10000 138 1 1
10000 138 1 1
10000 139 1 0
10000 139 1 1
10000 139 1 1
10000 139 1 1
10000 139 1 1
10000 140 1 1
10000 140 1 1
10000 140 1 1
10000 140 0 1
10000 140 1 1
10000 141 1 1
10000 141 1 1
10000 141 0 1
10000 141 2 2
10000 141 1 1
10000 142 1 1
10000 142 1 0
10000 142 1 1
10000 142 1 1
10000 142 1 1
10000 143 1 1
10000 143 1 0
10000 143 1 1
10000 143 1 1
10000 143 1 1
10000 144 1 1
10000 144 1 1
10000 144 1 1
10000 144 1 1
10000 144 1 1
10000 145 1 1
10000 145 1 1
10000 145 2 1
10000 145 1 1
10000 145 1 1
10000 146 0 1
10000 146 1 0
10000 146 1 1
10000 146 1 0
10000 146 2 6
10000 147 0 1
10000 147 2 2
10000 147 1 1
10000 147 1 1
10000 147 0 1
10000 148 1 1
10000 148 1 1
10000 148 1 1
10000 148 1 1
10000 148 1 1
10000 149 1 1
10000 149 1 1
10000 149 1 1
10000 149 1 2
10000 149 0 1
10000 150 0 1
10000 150 1 1
10000 150 1 1
10000 150 1 1
10000 150 0 1
10000 151 1 1
10000 151 0 2
10000 151 1 1
10000 151 1 1
10000 151 1 1
10000 152 1 1
10000 152 1 1
10000 152 1 2
10000 152 1 1
10000 152 0 1
10000 153 1 1
10000 153 0 1
10000 153 1 1
10000 153 2 1
10000 153 1 1
10000 154 1 1
10000 154 1 1
10000 154 0 1
10000 154 1 1
10000 154 2 3
10000 155 1 1
10000 155 1 1
10000 155 1 1
10000 155 1 1
10000 155 1 1
10000 156 1 1
10000 156 1 1
10000 156 1 1
10000 156 1 1
10000 156 1 1
10000 157 1 1
10000 157 1 1
10000 157 1 1
10000 157 1 1
10000 157 1 1
10000 158 0 1
10000 158 1 1
10000 158 1 1
10000 158 1 1
10000 158 1 1
10000 159 1 1
10000 159 1 1
10000 159 1 1
10000 159 0 1
10000 159 0 1
10000 160 1 1
10000 160 1 1
10000 160 1 1
10000 160 1 1
10000 160 1 1
10000 161 0 1
10000 161 1 1
10000 161 1 1
10000 161 1 1
10000 161 1 2
10000 162 1 1
10000 162 1 1
10000 162 2 2
10000 162 1 0
10000 162 1 1
10000 163 1 0
10000 163 1 1
10000 163 1 2
10000 163 1 1
10000 163 1 1
10000 164 1 1
10000 164 1 1
10000 164 1 1
10000 164 1 2
10000 164 1 1
10000 165 1 1
10000 165 1 1
10000 165 1 1
10000 165 1 1
10000 165 1 1
10000 166 2 1
10000 166 1 1
10000 166 1 1
10000 166 1 1
10000 166 1 1
10000 167 1 1
10000 167 0 2
10000 167 1 1
10000 167 0 1
10000 167 1 1
10000 168 0 1
10000 168 1 1
10000 168 1 1
10000 168 1 1
10000 168 1 1
10000 169 1 1
10000 169 1 1
10000 169 1 1
10000 169 0 0
10000 169 1 1
10000 170 1 1
10000 170 1 1
10000 170 2 1
10000 170 0 2
10000 170 0 1
10000 171 1 1
10000 171 1 1
10000 171 1 1
10000 171 1 1
10000 171 1 1
10000 172 1 1
10000 172 1 1
10000 172 1 1
10000 172 1 1
10000 172 0 2
10000 173 1 1
10000 173 1 1
10000 173 0 1
10000 173 1 1
10000 173 1 1
10000 174 1 1
10000 174 0 1
10000 174 1 1
10000 174 0 1
10000 174 1 1
10000 175 1 1
10000 175 2 1
10000 175 1 1
10000 175 1 1
10000 175 1 1
10000 176 1 1
10000 176 1 1
10000 176 1 1
10000 176 1 1
10000 176 1 1
10000 177 1 2
10000 177 1 1
10000 177 1 1
10000 177 2 2
10000 177 1 2
10000 178 1 1
10000 178 2 2
10000 178 2 1
10000 178 1 1
10000 178 1 1
10000 179 0 2
10000 179 2 1
10000 179 0 2
10000 179 1 1
10000 179 1 1
10000 180 1 1
10000 180 1 1
10000 180 1 1
10000 180 1 1
10000 180 1 1
10000 181 1 1
10000 181 1 2
10000 181 1 1
10000 181 1 1
10000 181 0 1
10000 182 1 1
10000 182 1 1
10000 182 1 1
10000 182 1 1
10000 182 1 1
10000 183 1 1
10000 183 2 2
10000 183 1 1
10000 183 1 3
10000 183 1 1
10000 184 0 1
10000 184 1 1
10000 184 1 1
10000 184 1 1
10000 184 1 1
10000 185 1 1
10000 185 1 1
10000 185 1 1
10000 185 1 1
10000 185 1 1
10000 186 1 1
10000 186 0 1
10000 186 0 1
10000 186 1 1
10000 186 1 1
10000 187 1 1
10000 187 1 2
10000 187 2 1
10000 187 2 2
10000 187 1 1
10000 188 1 1
10000 188 2 3
10000 188 1 1
10000 188 1 2
10000 188 3 2
10000 189 1 1
10000 189 1 1
10000 189 1 1
10000 189 1 2
10000 189 2 1
10000 190 1 1
10000 190 1 1
10000 190 1 1
10000 190 2 1
10000 190 1 1
10000 191 0 1
10000 191 1 3
10000 191 1 2
10000 191 1 1
10000 191 1 2
10000 192 1 1
10000 192 1 1
10000 192 1 1
10000 192 1 1
10000 192 1 2
10000 193 1 1
10000 193 1 1
10000 193 1 1
10000 193 1 3
10000 193 1 1
10000 194 1 2
10000 194 1 1
10000 194 1 1
10000 194 1 1
10000 194 1 1
10000 195 1 1
10000 195 2 1
10000 195 1 1
10000 195 1 1
10000 195 2 1
10000 196 1 1
10000 196 1 1
10000 196 1 1
10000 196 0 2
10000 196 0 1
10000 197 1 1
10000 197 1 1
10000 197 1 0
10000 197 1 1
10000 197 1 1
10000 198 2 2
10000 198 0 1
10000 198 1 1
10000 198 1 1
10000 198 1 1
10000 199 1 1
10000 199 1 1
10000 199 1 1
10000 199 1 1
10000 199 1 1
10000 200 1 1
10000 200 1 2
10000 200 1 1
10000 200 1 2
10000 200 1 1
10000 201 1 2
10000 201 1 2
10000 201 2 2
10000 201 1 1
10000 201 1 1
10000 202 1 1
10000 202 1 2
10000 202 1 1
10000 202 1 1
10000 202 1 3
10000 203 1 1
10000 203 1 1
10000 203 1 1
10000 203 1 1
10000 203 2 1
10000 204 0 1
10000 204 1 1
10000 204 1 1
10000 204 1 2
10000 204 0 1
10000 205 1 1
10000 205 1 1
10000 205 1 1
10000 205 1 1
10000 205 1 1
10000 206 1 1
10000 206 1 1
10000 206 1 1
10000 206 1 1
10000 206 1 1
10000 207 0 2
10000 207 1 1
10000 207 1 1
10000 207 1 1
10000 207 1 1
10000 208 0 1
10000 208 1 1
10000 208 1 1
10000 208 1 1
10000 208 0 2
10000 209 1 1
10000 209 1 2
10000 209 0 1
10000 209 1 1
10000 209 1 2
10000 210 1 1
10000 210 0 2
10000 210 1 1
10000 210 1 1
10000 210 1 1
10000 211 1 1
10000 211 0 2
10000 211 1 3
10000 211 1 1
10000 211 1 1
10000 212 1 1
10000 212 1 1
10000 212 1 1
10000 212 1 1
10000 212 1 1
10000 213 0 2
10000 213 1 1
10000 213 2 2
10000 213 1 1
10000 213 2 1
10000 214 1 1
10000 214 1 1
10000 214 2 1
10000 214 1 2
10000 214 2 1
10000 215 2 1
10000 215 1 1
10000 215 1 1
10000 215 1 1
10000 215 2 2
10000 216 1 2
10000 216 1 1
10000 216 1 1
10000 216 0 1
10000 216 1 4
10000 217 1 2
10000 217 1 2
10000 217 0 2
10000 217 2 1
10000 217 1 1
10000 218 1 3
10000 218 1 1
10000 218 0 1
10000 218 1 1
10000 218 1 1
10000 219 1 1
10000 219 1 3
10000 219 1 2
10000 219 1 1
10000 219 2 2
10000 220 1 1
10000 220 0 1
10000 220 1 3
10000 220 1 1
10000 220 1 2
10000 221 1 1
10000 221 1 1
10000 221 1 1
10000 221 1 1
10000 221 1 1
10000 222 1 1
10000 222 1 1
10000 222 1 1
10000 222 1 1
10000 222 1 1
10000 223 1 3
10000 223 2 2
10000 223 1 1
10000 223 0 2
10000 223 1 1
10000 224 1 3
10000 224 1 1
10000 224 1 1
10000 224 1 1
10000 224 2 1
10000 225 1 1
10000 225 1 2
10000 225 1 1
10000 225 1 1
10000 225 1 1
10000 226 1 1
10000 226 1 1
10000 226 2 1
10000 226 1 1
10000 226 0 2
10000 227 1 3
10000 227 1 1
10000 227 2 1
10000 227 1 2
10000 227 1 1
10000 228 1 3
10000 228 1 1
10000 228 1 2
10000 228 1 1
10000 228 1 1
10000 229 1 1
10000 229 1 2
10000 229 1 1
10000 229 1 1
10000 229 0 2
10000 230 0 2
10000 230 1 1
10000 230 1 1
10000 230 1 1
10000 230 1 2
10000 231 0 2
10000 231 1 1
10000 231 1 1
10000 231 0 2
10000 231 1 1
10000 232 2 1
10000 232 1 3
10000 232 1 1
10000 232 1 1
10000 232 1 1
10000 233 1 1
10000 233 2 3
10000 233 1 1
10000 233 1 1
10000 233 2 2
10000 234 1 1
10000 234 1 2
10000 234 2 4
10000 234 1 1
10000 234 1 1
10000 235 2 3
10000 235 1 2
10000 235 1 1
10000 235 0 2
10000 235 0 2
10000 236 1 1
10000 236 1 1
10000 236 2 2
10000 236 2 1
10000 236 0 2
10000 237 1 1
10000 237 1 1
10000 237 1 1
10000 237 0 2
10000 237 1 1
10000 238 1 1
10000 238 1 1
10000 238 2 1
10000 238 1 3
10000 238 1 2
10000 239 1 1
10000 239 0 2
10000 239 1 2
10000 239 1 2
10000 239 1 1
10000 240 1 1
10000 240 1 1
10000 240 1 1
10000 240 1 1
10000 240 1 1
10000 241 1 2
10000 241 1 1
10000 241 1 1
10000 241 1 2
10000 241 2 6
10000 242 1 1
10000 242 1 1
10000 242 1 1
10000 242 1 2
10000 242 1 1
10000 243 1 1
10000 243 1 1
10000 243 1 1
10000 243 1 1
10000 243 1 1
10000 244 2 1
10000 244 1 1
10000 244 2 1
10000 244 1 2
10000 244 0 2
10000 245 1 1
10000 245 1 1
10000 245 1 1
10000 245 1 2
10000 245 1 1
10000 246 0 1
10000 246 1 1
10000 246 1 1
10000 246 0 2
10000 246 1 1
10000 247 1 1
10000 247 1 1
10000 247 1 1
10000 247 1 1
10000 247 1 1
10000 248 1 1
10000 248 1 2
10000 248 1 2
10000 248 2 2
10000 248 0 1
10000 249 1 1
10000 249 1 1
10000 249 1 1
10000 249 1 1
10000 249 1 1
