500000 0 60 65
500000 0 66 62
500000 0 369 88
500000 0 71 59
500000 0 58 73
500000 1 65 61
500000 1 57 59
500000 1 73 78
500000 1 61 61
500000 1 63 75
500000 2 63 61
500000 2 62 64
500000 2 73 66
500000 2 66 62
500000 2 65 59
500000 3 63 67
500000 3 64 60
500000 3 62 65
500000 3 69 68
500000 3 68 66
500000 4 59 59
500000 4 68 67
500000 4 66 61
500000 4 66 74
500000 4 87 61
500000 5 60 66
500000 5 70 64
500000 5 69 60
500000 5 59 61
500000 5 66 61
500000 6 63 60
500000 6 62 60
500000 6 65 61
500000 6 79 61
500000 6 64 62
500000 7 61 65
500000 7 61 60
500000 7 61 60
500000 7 89 67
500000 7 59 60
500000 8 63 67
500000 8 66 58
500000 8 58 65
500000 8 61 68
500000 8 59 57
500000 9 66 61
500000 9 73 68
500000 9 59 59
500000 9 63 88
500000 9 62 60
500000 10 58 59
500000 10 65 57
500000 10 61 58
500000 10 70 61
500000 10 64 58
500000 11 63 60
500000 11 63 58
500000 11 59 62
500000 11 67 61
500000 11 57 65
500000 12 74 67
500000 12 61 56
500000 12 64 70
500000 12 65 69
500000 12 60 59
500000 13 61 61
500000 13 60 58
500000 13 61 60
500000 13 59 61
500000 13 70 59
500000 14 61 59
500000 14 71 65
500000 14 61 57
500000 14 62 71
500000 14 68 57
500000 15 61 62
500000 15 76 60
500000 15 60 59
500000 15 65 69
500000 15 60 66
500000 16 65 60
500000 16 60 61
500000 16 71 57
500000 16 62 56
500000 16 75 59
500000 17 59 57
500000 17 69 60
500000 17 61 58
500000 17 170 65
500000 17 59 57
500000 18 66 72
500000 18 75 57
500000 18 60 64
500000 18 64 69
500000 18 61 57
500000 19 62 57
500000 19 61 62
500000 19 63 58
500000 19 61 55
500000 19 62 66
500000 20 60 54
500000 20 61 61
500000 20 61 60
500000 20 60 62
500000 20 59 58
500000 21 60 72
500000 21 64 58
500000 21 61 58
500000 21 64 68
500000 21 62 58
500000 22 83 67
500000 22 68 55
500000 22 61 65
500000 22 67 59
500000 22 60 58
500000 23 67 59
500000 23 64 55
500000 23 66 68
500000 23 60 59
500000 23 58 68
500000 24 68 56
500000 24 63 66
500000 24 65 65
500000 24 71 55
500000 24 65 65
500000 25 66 58
500000 25 58 69
500000 25 69 56
500000 25 61 57
500000 25 63 60
500000 26 70 67
500000 26 70 57
500000 26 62 63
500000 26 64 60
500000 26 60 55
500000 27 69 65
500000 27 61 57
500000 27 73 66
500000 27 71 55
500000 27 71 57
500000 28 68 57
500000 28 59 62
500000 28 66 56
500000 28 61 56
500000 28 68 66
500000 29 60 54
500000 29 73 65
500000 29 62 56
500000 29 60 74
500000 29 65 59
500000 30 61 57
500000 30 60 58
500000 30 64 61
500000 30 61 68
500000 30 65 64
500000 31 67 58
500000 31 63 58
500000 31 69 59
500000 31 61 57
500000 31 79 61
500000 32 61 61
500000 32 60 60
500000 32 62 57
500000 32 62 56
500000 32 61 57
500000 33 72 55
500000 33 60 60
500000 33 61 57
500000 33 59 65
500000 33 61 71
500000 34 81 58
500000 34 62 68
500000 34 61 61
500000 34 59 57
500000 34 67 58
500000 35 61 56
500000 35 63 56
500000 35 63 57
500000 35 59 70
500000 35 61 55
500000 36 60 56
500000 36 73 55
500000 36 61 60
500000 36 63 61
500000 36 59 60
500000 37 61 59
500000 37 62 68
500000 37 63 59
500000 37 60 57
500000 37 67 70
500000 38 61 56
500000 38 59 62
500000 38 67 55
500000 38 65 66
500000 38 68 58
500000 39 57 62
500000 39 80 59
500000 39 60 56
500000 39 63 65
500000 39 59 60
500000 40 69 74
500000 40 60 55
500000 40 59 70
500000 40 69 60
500000 40 60 57
500000 41 67 73
500000 41 61 60
500000 41 61 58
500000 41 63 61
500000 41 70 58
500000 42 62 56
500000 42 63 60
500000 42 72 74
500000 42 59 70
500000 42 66 58
500000 43 60 57
500000 43 60 66
500000 43 74 82
500000 43 59 54
500000 43 57 61
500000 44 70 61
500000 44 61 57
500000 44 63 76
500000 44 69 57
500000 44 60 64
500000 45 168 76
500000 45 61 57
500000 45 70 57
500000 45 62 64
500000 45 66 59
500000 46 59 59
500000 46 69 67
500000 46 60 55
500000 46 70 69
500000 46 63 55
500000 47 61 57
500000 47 64 58
500000 47 62 64
500000 47 60 59
500000 47 61 67
500000 48 74 57
500000 48 61 62
500000 48 65 62
500000 48 70 56
500000 48 75 76
500000 49 61 57
500000 49 61 62
500000 49 65 56
500000 49 59 60
500000 49 68 71
500000 50 60 59
500000 50 70 59
500000 50 60 57
500000 50 65 66
500000 50 63 54
500000 51 65 74
500000 51 76 63
500000 51 60 57
500000 51 63 63
500000 51 60 62
500000 52 64 59
500000 52 60 61
500000 52 81 58
500000 52 62 59
500000 52 77 61
500000 53 62 58
500000 53 61 69
500000 53 65 58
500000 53 66 63
500000 53 69 58
500000 54 59 57
500000 54 78 57
500000 54 61 70
500000 54 78 68
500000 54 58 57
500000 55 93 84
500000 55 61 56
500000 55 62 64
500000 55 61 58
500000 55 65 60
500000 56 61 59
500000 56 63 57
500000 56 61 68
500000 56 64 60
500000 56 59 61
500000 57 66 68
500000 57 62 54
500000 57 80 80
500000 57 67 56
500000 57 67 59
500000 58 63 58
500000 58 61 68
500000 58 62 74
500000 58 61 60
500000 58 60 57
500000 59 60 61
500000 59 62 71
500000 59 72 58
500000 59 62 70
500000 59 64 57
500000 60 65 73
500000 60 63 62
500000 60 83 66
500000 60 67 55
500000 60 59 70
500000 61 66 61
500000 61 59 62
500000 61 71 73
500000 61 61 60
500000 61 60 61
500000 62 62 56
500000 62 68 66
500000 62 63 59
500000 62 59 57
500000 62 68 58
500000 63 59 63
500000 63 64 66
500000 63 62 57
500000 63 60 60
500000 63 61 69
500000 64 60 57
500000 64 59 60
500000 64 67 69
500000 64 62 59
500000 64 60 60
500000 65 62 58
500000 65 60 68
500000 65 64 62
500000 65 60 58
500000 65 63 61
500000 66 66 68
500000 66 63 58
500000 66 60 57
500000 66 66 68
500000 66 63 58
500000 67 58 58
500000 67 65 68
500000 67 65 59
500000 67 61 61
500000 67 73 59
500000 68 63 68
500000 68 63 60
500000 68 63 70
500000 68 64 56
500000 68 61 57
500000 69 66 73
500000 69 61 57
500000 69 59 57
500000 69 67 57
500000 69 61 60
500000 70 62 62
500000 70 70 59
500000 70 74 59
500000 70 63 65
500000 70 64 60
500000 71 60 67
500000 71 65 60
500000 71 61 59
500000 71 61 64
500000 71 61 58
500000 72 71 58
500000 72 58 59
500000 72 63 76
500000 72 66 55
500000 72 58 68
500000 73 65 61
500000 73 57 59
500000 73 65 68
500000 73 59 57
500000 73 68 59
500000 74 60 57
500000 74 59 68
500000 74 64 58
500000 74 59 64
500000 74 61 57
500000 75 60 57
500000 75 66 60
500000 75 64 64
500000 75 58 57
500000 75 167 63
500000 76 61 57
500000 76 63 77
500000 76 66 57
500000 76 60 61
500000 76 61 59
500000 77 61 58
500000 77 66 74
500000 77 65 59
500000 77 62 60
500000 77 62 58
500000 78 64 71
500000 78 63 59
500000 78 65 62
500000 78 64 62
500000 78 64 59
500000 79 61 74
500000 79 61 81
500000 79 59 58
500000 79 65 64
500000 79 75 59
500000 80 69 74
500000 80 72 60
500000 80 60 58
500000 80 62 62
500000 80 61 59
500000 81 61 60
500000 81 62 58
500000 81 65 59
500000 81 60 59
500000 81 65 64
500000 82 73 59
500000 82 60 67
500000 82 71 61
500000 82 64 62
500000 82 59 65
500000 83 63 72
500000 83 60 57
500000 83 59 68
500000 83 77 58
500000 83 60 63
500000 84 69 61
500000 84 61 60
500000 84 69 62
500000 84 481 167
500000 84 67 58
500000 85 60 70
500000 85 60 64
500000 85 60 58
500000 85 74 76
500000 85 65 68
500000 86 64 78
500000 86 63 61
500000 86 60 71
500000 86 61 59
500000 86 60 63
500000 87 61 60
500000 87 59 64
500000 87 62 75
500000 87 61 59
500000 87 61 77
500000 88 60 60
500000 88 60 59
500000 88 63 62
500000 88 68 70
500000 88 60 58
500000 89 66 69
500000 89 61 60
500000 89 59 72
500000 89 68 59
500000 89 62 67
500000 90 75 59
500000 90 64 71
500000 90 65 61
500000 90 59 74
500000 90 70 66
500000 91 57 62
500000 91 66 64
500000 91 61 57
500000 91 62 67
500000 91 65 58
500000 92 72 59
500000 92 62 64
500000 92 62 66
500000 92 61 71
500000 92 63 61
500000 93 64 70
500000 93 63 59
500000 93 65 62
500000 93 67 62
500000 93 64 66
500000 94 60 59
500000 94 65 65
500000 94 63 59
500000 94 68 73
500000 94 61 61
500000 95 58 62
500000 95 75 69
500000 95 60 64
500000 95 68 65
500000 95 63 58
500000 96 62 63
500000 96 65 61
500000 96 61 62
500000 96 63 66
500000 96 65 64
500000 97 62 63
500000 97 61 62
500000 97 74 65
500000 97 64 61
500000 97 63 73
500000 98 64 63
500000 98 70 68
500000 98 77 64
500000 98 69 61
500000 98 62 60
500000 99 72 76
500000 99 63 62
500000 99 60 64
500000 99 62 75
500000 99 74 64
500000 100 62 64
500000 100 65 86
500000 100 64 467
500000 100 63 71
500000 100 70 84
500000 101 63 61
500000 101 65 67
500000 101 68 79
500000 101 59 81
500000 101 62 62
500000 102 72 63
500000 102 77 63
500000 102 63 65
500000 102 65 74
500000 102 63 75
500000 103 60 65
500000 103 60 65
500000 103 73 62
500000 103 64 72
500000 103 69 62
500000 104 69 63
500000 104 66 68
500000 104 59 66
500000 104 74 82
500000 104 61 61
500000 105 62 65
500000 105 64 66
500000 105 68 69
500000 105 60 59
500000 105 73 67
500000 106 63 59
500000 106 60 69
500000 106 64 64
500000 106 64 68
500000 106 66 77
500000 107 64 74
500000 107 63 62
500000 107 70 82
500000 107 71 61
500000 107 144 89
500000 108 67 59
500000 108 60 79
500000 108 69 65
500000 108 62 72
500000 108 66 62
500000 109 62 73
500000 109 69 63
500000 109 59 69
500000 109 71 75
500000 109 59 72
500000 110 70 69
500000 110 59 62
500000 110 62 69
500000 110 62 65
500000 110 64 69
500000 111 60 74
500000 111 72 63
500000 111 59 63
500000 111 69 72
500000 111 60 60
500000 112 69 88
500000 112 74 62
500000 112 59 115
500000 112 64 59
500000 112 73 64
500000 113 78 64
500000 113 61 69
500000 113 64 64
500000 113 67 65
500000 113 69 61
500000 114 66 76
500000 114 62 65
500000 114 63 63
500000 114 66 79
500000 114 170 80
500000 115 61 61
500000 115 62 83
500000 115 63 59
500000 115 63 78
500000 115 69 60
500000 116 58 63
500000 116 71 68
500000 116 70 70
500000 116 61 64
500000 116 62 65
500000 117 64 69
500000 117 59 76
500000 117 68 65
500000 117 64 65
500000 117 71 65
500000 118 62 65
500000 118 72 65
500000 118 73 75
500000 118 70 65
500000 118 65 68
500000 119 69 69
500000 119 60 63
500000 119 65 86
500000 119 63 66
500000 119 70 67
500000 120 66 67
500000 120 62 65
500000 120 59 82
500000 120 62 66
500000 120 74 68
500000 121 61 64
500000 121 59 81
500000 121 65 75
500000 121 61 68
500000 121 68 79
500000 122 63 73
500000 122 66 72
500000 122 71 68
500000 122 69 69
500000 122 60 73
500000 123 73 76
500000 123 61 64
500000 123 64 70
500000 123 62 64
500000 123 69 66
500000 124 63 81
500000 124 66 70
500000 124 59 62
500000 124 67 71
500000 124 61 64
500000 125 63 89
500000 125 67 62
500000 125 73 76
500000 125 62 65
500000 125 61 76
500000 126 71 68
500000 126 69 75
500000 126 65 64
500000 126 60 65
500000 126 77 73
500000 127 62 64
500000 127 69 69
500000 127 64 78
500000 127 60 72
500000 127 70 76
500000 128 163 71
500000 128 64 64
500000 128 67 65
500000 128 78 70
500000 128 66 77
500000 129 69 64
500000 129 61 76
500000 129 74 72
500000 129 60 67
500000 129 70 80
500000 130 63 68
500000 130 62 77
500000 130 64 69
500000 130 68 66
500000 130 64 78
500000 131 67 68
500000 131 60 81
500000 131 84 65
500000 131 67 70
500000 131 82 70
500000 132 61 74
500000 132 73 67
500000 132 61 84
500000 132 71 77
500000 132 59 66
500000 133 78 74
500000 133 63 64
500000 133 62 79
500000 133 77 68
500000 133 64 66
500000 134 65 80
500000 134 266 417
500000 134 64 73
500000 134 65 67
500000 134 67 78
500000 135 63 78
500000 135 62 75
500000 135 65 79
500000 135 81 69
500000 135 63 76
500000 136 66 74
500000 136 66 65
500000 136 61 73
500000 136 73 70
500000 136 74 65
500000 137 74 83
500000 137 59 78
500000 137 69 79
500000 137 65 77
500000 137 60 68
500000 138 64 75
500000 138 60 64
500000 138 79 83
500000 138 63 76
500000 138 68 73
500000 139 72 68
500000 139 64 69
500000 139 63 70
500000 139 68 86
500000 139 62 70
500000 140 499 171
500000 140 70 71
500000 140 71 64
500000 140 60 70
500000 140 68 87
500000 141 61 68
500000 141 68 76
500000 141 66 67
500000 141 63 69
500000 141 62 75
500000 142 61 75
500000 142 67 69
500000 142 62 81
500000 142 74 73
500000 142 60 69
500000 143 74 85
500000 143 63 68
500000 143 66 85
500000 143 63 71
500000 143 64 70
500000 144 67 81
500000 144 66 71
500000 144 65 72
500000 144 63 70
500000 144 68 67
500000 145 62 68
500000 145 74 71
500000 145 66 68
500000 145 59 88
500000 145 61 73
500000 146 156 82
500000 146 67 70
500000 146 72 81
500000 146 61 73
500000 146 69 81
500000 147 63 72
500000 147 70 82
500000 147 64 70
500000 147 64 78
500000 147 63 71
500000 148 67 69
500000 148 74 67
500000 148 69 72
500000 148 61 65
500000 148 58 77
500000 149 61 68
500000 149 65 80
500000 149 65 67
500000 149 60 78
500000 149 65 71
500000 150 62 80
500000 150 65 66
500000 150 61 80
500000 150 79 68
500000 150 60 78
500000 151 71 69
500000 151 63 64
500000 151 67 87
500000 151 78 70
500000 151 624 76
500000 152 75 74
500000 152 67 70
500000 152 78 80
500000 152 74 68
500000 152 61 72
500000 153 64 75
500000 153 76 71
500000 153 64 69
500000 153 79 71
500000 153 66 68
500000 154 60 87
500000 154 70 67
500000 154 60 70
500000 154 75 78
500000 154 73 78
500000 155 63 72
500000 155 73 71
500000 155 65 70
500000 155 65 73
500000 155 67 70
500000 156 63 70
500000 156 64 82
500000 156 67 72
500000 156 60 72
500000 156 72 79
500000 157 61 69
500000 157 74 83
500000 157 70 71
500000 157 63 81
500000 157 66 73
500000 158 64 69
500000 158 61 73
500000 158 63 69
500000 158 62 69
500000 158 73 71
500000 159 63 72
500000 159 61 71
500000 159 65 85
500000 159 69 70
500000 159 69 79
500000 160 61 73
500000 160 74 82
500000 160 59 74
500000 160 65 67
500000 160 58 78
500000 161 64 72
500000 161 60 62
500000 161 60 82
500000 161 61 66
500000 161 60 77
500000 162 63 66
500000 162 63 66
500000 162 57 65
500000 162 60 65
500000 162 61 67
500000 163 61 67
500000 163 57 63
500000 163 59 66
500000 163 60 65
500000 163 59 66
500000 164 57 66
500000 164 60 69
500000 164 66 66
500000 164 60 66
500000 164 60 67
500000 165 60 64
500000 165 60 68
500000 165 59 66
500000 165 57 65
500000 165 60 66
500000 166 59 62
500000 166 58 65
500000 166 59 64
500000 166 59 76
500000 166 59 65
500000 167 58 66
500000 167 57 65
500000 167 58 77
500000 167 60 65
500000 167 60 67
500000 168 61 78
500000 168 61 74
500000 168 60 69
500000 168 60 77
500000 168 58 68
500000 169 62 68
500000 169 72 68
500000 169 59 67
500000 169 57 65
500000 169 71 67
500000 170 60 67
500000 170 61 66
500000 170 67 63
500000 170 58 69
500000 170 60 64
500000 171 58 68
500000 171 62 67
500000 171 59 68
500000 171 58 66
500000 171 58 65
500000 172 58 68
500000 172 58 65
500000 172 58 63
500000 172 55 64
500000 172 58 65
500000 173 58 63
500000 173 57 66
500000 173 57 63
500000 173 58 64
500000 173 57 65
500000 174 57 64
500000 174 65 63
500000 174 58 67
500000 174 58 64
500000 174 57 66
500000 175 70 64
500000 175 58 64
500000 175 58 67
500000 175 59 66
500000 175 67 65
500000 176 61 67
500000 176 59 65
500000 176 57 67
500000 176 67 64
500000 176 59 66
500000 177 61 69
500000 177 60 66
500000 177 57 63
500000 177 58 66
500000 177 58 64
500000 178 57 67
500000 178 67 65
500000 178 58 65
500000 178 60 66
500000 178 59 66
500000 179 56 66
500000 179 60 67
500000 179 58 65
500000 179 58 67
500000 179 57 65
500000 180 65 66
500000 180 59 76
500000 180 60 66
500000 180 59 67
500000 180 480 151
500000 181 59 65
500000 181 59 66
500000 181 58 65
500000 181 59 66
500000 181 56 65
500000 182 57 64
500000 182 55 63
500000 182 56 65
500000 182 56 65
500000 182 57 64
500000 183 56 63
500000 183 57 64
500000 183 58 66
500000 183 58 66
500000 183 56 65
500000 184 56 64
500000 184 56 63
500000 184 57 64
500000 184 56 64
500000 184 57 65
500000 185 57 65
500000 185 57 66
500000 185 56 63
500000 185 56 64
500000 185 58 66
500000 186 57 66
500000 186 56 64
500000 186 57 66
500000 186 56 65
500000 186 56 65
500000 187 57 64
500000 187 57 66
500000 187 57 65
500000 187 57 66
500000 187 55 65
500000 188 58 65
500000 188 57 65
500000 188 58 66
500000 188 56 65
500000 188 57 66
500000 189 58 65
500000 189 56 65
500000 189 55 63
500000 189 57 65
500000 189 57 65
500000 190 56 66
500000 190 55 66
500000 190 57 65
500000 190 57 65
500000 190 57 66
500000 191 56 64
500000 191 59 75
500000 191 60 68
500000 191 60 68
500000 191 55 65
500000 192 57 66
500000 192 57 65
500000 192 58 66
500000 192 56 64
500000 192 56 65
500000 193 56 65
500000 193 56 65
500000 193 57 66
500000 193 59 68
500000 193 56 65
500000 194 56 65
500000 194 56 80
500000 194 57 66
500000 194 57 66
500000 194 57 65
500000 195 56 64
500000 195 57 66
500000 195 57 66
500000 195 57 66
500000 195 56 64
500000 196 57 66
500000 196 58 66
500000 196 56 67
500000 196 56 65
500000 196 57 67
500000 197 57 66
500000 197 56 67
500000 197 57 66
500000 197 57 66
500000 197 58 67
500000 198 55 67
500000 198 57 66
500000 198 57 67
500000 198 57 67
500000 198 56 66
500000 199 58 67
500000 199 57 77
500000 199 58 66
500000 199 56 66
500000 199 57 67
500000 200 57 66
500000 200 57 67
500000 200 57 68
500000 200 59 69
500000 200 58 70
500000 201 56 66
500000 201 55 65
500000 201 56 66
500000 201 57 67
500000 201 57 67
500000 202 56 65
500000 202 56 67
500000 202 56 67
500000 202 57 76
500000 202 56 65
500000 203 58 67
500000 203 57 68
500000 203 58 68
500000 203 56 74
500000 203 59 77
500000 204 57 68
500000 204 57 68
500000 204 57 66
500000 204 57 66
500000 204 56 67
500000 205 57 67
500000 205 56 67
500000 205 57 69
500000 205 57 67
500000 205 57 67
500000 206 56 66
500000 206 57 69
500000 206 58 69
500000 206 58 69
500000 206 54 65
500000 207 56 66
500000 207 57 67
500000 207 56 67
500000 207 55 66
500000 207 58 68
500000 208 57 68
500000 208 57 69
500000 208 55 65
500000 208 56 67
500000 208 57 68
500000 209 58 68
500000 209 56 66
500000 209 60 71
500000 209 57 66
500000 209 58 69
500000 210 57 67
500000 210 58 69
500000 210 57 69
500000 210 57 69
500000 210 94 67
500000 211 56 67
500000 211 57 68
500000 211 57 68
500000 211 56 67
500000 211 57 67
500000 212 56 68
500000 212 58 68
500000 212 56 67
500000 212 57 68
500000 212 55 67
500000 213 55 67
500000 213 55 66
500000 213 57 67
500000 213 56 67
500000 213 56 68
500000 214 61 67
500000 214 56 68
500000 214 57 68
500000 214 57 68
500000 214 56 68
500000 215 57 69
500000 215 57 69
500000 215 57 69
500000 215 56 67
500000 215 57 69
500000 216 57 69
500000 216 57 69
500000 216 55 67
500000 216 64 68
500000 216 56 68
500000 217 57 68
500000 217 56 68
500000 217 55 68
500000 217 56 68
500000 217 56 68
500000 218 57 77
500000 218 57 69
500000 218 56 68
500000 218 56 68
500000 218 55 67
500000 219 56 68
500000 219 56 68
500000 219 57 68
500000 219 56 68
500000 219 56 69
500000 220 57 69
500000 220 57 79
500000 220 56 67
500000 220 58 71
500000 220 58 71
500000 221 58 71
500000 221 54 67
500000 221 56 67
500000 221 57 68
500000 221 57 68
500000 222 56 68
500000 222 56 68
500000 222 57 78
500000 222 56 69
500000 222 55 67
500000 223 56 68
500000 223 57 68
500000 223 56 78
500000 223 55 67
500000 223 56 68
500000 224 56 68
500000 224 58 70
500000 224 56 70
500000 224 57 70
500000 224 60 70
500000 225 55 69
500000 225 56 67
500000 225 56 69
500000 225 57 70
500000 225 56 70
500000 226 56 67
500000 226 56 70
500000 226 57 68
500000 226 56 70
500000 226 56 67
500000 227 57 69
500000 227 59 70
500000 227 56 70
500000 227 67 69
500000 227 59 71
500000 228 58 71
500000 228 57 68
500000 228 55 68
500000 228 57 81
500000 228 57 70
500000 229 57 70
500000 229 55 75
500000 229 57 69
500000 229 56 69
500000 229 56 69
500000 230 55 68
500000 230 57 71
500000 230 57 70
500000 230 59 77
500000 230 57 68
500000 231 57 71
500000 231 57 70
500000 231 57 70
500000 231 57 68
500000 231 57 70
500000 232 56 71
500000 232 57 70
500000 232 59 70
500000 232 59 71
500000 232 56 69
500000 233 62 69
500000 233 55 68
500000 233 57 70
500000 233 57 70
500000 233 57 70
500000 234 56 69
500000 234 57 71
500000 234 57 70
500000 234 57 71
500000 234 56 69
500000 235 56 71
500000 235 57 77
500000 235 58 71
500000 235 56 80
500000 235 58 71
500000 236 57 72
500000 236 57 72
500000 236 56 69
500000 236 57 79
500000 236 57 70
500000 237 56 71
500000 237 55 69
500000 237 57 71
500000 237 56 71
500000 237 57 70
500000 238 91 69
500000 238 57 72
500000 238 57 72
500000 238 58 71
500000 238 56 69
500000 239 58 70
500000 239 57 71
500000 239 58 72
500000 239 57 70
500000 239 66 71
500000 240 56 70
500000 240 57 71
500000 240 57 72
500000 240 58 73
500000 240 55 71
500000 241 56 70
500000 241 55 69
500000 241 58 70
500000 241 57 71
500000 241 55 70
500000 242 54 69
500000 242 56 69
500000 242 58 71
500000 242 57 72
500000 242 57 70
500000 243 59 75
500000 243 59 74
500000 243 58 72
500000 243 57 81
500000 243 58 71
500000 244 57 80
500000 244 57 72
500000 244 55 69
500000 244 56 70
500000 244 56 70
500000 245 56 71
500000 245 55 70
500000 245 56 71
500000 245 56 71
500000 245 57 71
500000 246 57 70
500000 246 57 72
500000 246 57 72
500000 246 56 71
500000 246 55 69
500000 247 57 73
500000 247 58 72
500000 247 59 74
500000 247 56 82
500000 247 58 72
500000 248 58 72
500000 248 57 73
500000 248 57 71
500000 248 67 72
500000 248 57 79
500000 249 57 73
500000 249 56 71
500000 249 58 72
500000 249 58 72
500000 249 58 73
