100000 0 11 11
100000 0 10 11
100000 0 12 13
100000 0 12 11
100000 0 11 12
100000 1 11 11
100000 1 12 11
100000 1 11 10
100000 1 10 10
100000 1 10 10
100000 2 10 10
100000 2 10 10
100000 2 11 10
100000 2 13 14
100000 2 11 11
100000 3 11 11
100000 3 11 10
100000 3 11 11
100000 3 12 12
100000 3 11 20
100000 4 11 10
100000 4 10 10
100000 4 11 11
100000 4 10 10
100000 4 11 12
100000 5 10 10
100000 5 10 11
100000 5 10 11
100000 5 11 10
100000 5 11 11
100000 6 11 12
100000 6 11 12
100000 6 11 10
100000 6 10 11
100000 6 13 14
100000 7 11 11
100000 7 11 10
100000 7 11 10
100000 7 11 11
100000 7 11 10
100000 8 10 11
100000 8 10 13
100000 8 12 13
100000 8 12 10
100000 8 12 13
100000 9 11 10
100000 9 12 10
100000 9 11 10
100000 9 13 12
100000 9 11 11
100000 10 11 10
100000 10 10 10
100000 10 10 11
100000 10 11 11
100000 10 13 12
100000 11 11 10
100000 11 10 11
100000 11 11 10
100000 11 10 17
100000 11 11 10
100000 12 11 10
100000 12 11 12
100000 12 10 10
100000 12 11 16
100000 12 16 10
100000 13 14 10
100000 13 10 10
100000 13 13 15
100000 13 15 10
100000 13 12 15
100000 14 11 11
100000 14 15 11
100000 14 10 11
100000 14 11 10
100000 14 10 12
100000 15 11 10
100000 15 11 12
100000 15 11 10
100000 15 11 12
100000 15 10 10
100000 16 13 9
100000 16 11 9
100000 16 12 11
100000 16 10 10
100000 16 11 10
100000 17 11 10
100000 17 10 10
100000 17 10 10
100000 17 14 20
100000 17 10 10
100000 18 17 14
100000 18 13 11
100000 18 11 10
100000 18 13 11
100000 18 11 11
100000 19 10 10
100000 19 12 10
100000 19 10 9
100000 19 10 10
100000 19 10 10
100000 20 10 9
100000 20 10 10
100000 20 11 9
100000 20 10 10
100000 20 10 9
100000 21 11 9
100000 21 13 11
100000 21 11 13
100000 21 11 9
100000 21 11 9
100000 22 13 10
100000 22 12 13
100000 22 12 9
100000 22 11 10
100000 22 10 9
100000 23 10 9
100000 23 11 10
100000 23 10 10
100000 23 10 10
100000 23 11 9
100000 24 16 13
100000 24 13 11
100000 24 14 9
100000 24 10 10
100000 24 12 9
100000 25 10 11
100000 25 11 9
100000 25 11 10
100000 25 11 10
100000 25 11 10
100000 26 10 10
100000 26 11 9
100000 26 11 10
100000 26 15 10
100000 26 11 10
100000 27 19 10
100000 27 10 13
100000 27 12 13
100000 27 13 10
100000 27 16 11
100000 28 10 10
100000 28 11 10
100000 28 11 9
100000 28 10 10
100000 28 10 11
100000 29 11 10
100000 29 12 10
100000 29 12 19
100000 29 11 9
100000 29 10 10
100000 30 11 12
100000 30 10 10
100000 30 10 14
100000 30 10 10
100000 30 13 10
100000 31 11 10
100000 31 10 10
100000 31 10 10
100000 31 11 10
100000 31 15 14
100000 32 12 13
100000 32 12 10
100000 32 10 10
100000 32 11 10
100000 32 12 9
100000 33 10 10
100000 33 13 9
100000 33 11 10
100000 33 10 10
100000 33 11 10
100000 34 10 10
100000 34 11 9
100000 34 11 10
100000 34 11 10
100000 34 10 10
100000 35 11 18
100000 35 12 12
100000 35 15 16
100000 35 12 9
100000 35 11 10
100000 36 13 10
100000 36 12 10
100000 36 11 10
100000 36 10 11
100000 36 11 10
100000 37 12 9
100000 37 11 10
100000 37 11 10
100000 37 11 10
100000 37 12 9
100000 38 12 10
100000 38 10 10
100000 38 13 9
100000 38 15 12
100000 38 12 10
100000 39 10 10
100000 39 10 10
100000 39 10 10
100000 39 12 10
100000 39 10 9
100000 40 10 9
100000 40 10 10
100000 40 10 16
100000 40 12 9
100000 40 12 9
100000 41 10 10
100000 41 11 14
100000 41 11 11
100000 41 12 10
100000 41 13 9
100000 42 12 9
100000 42 10 10
100000 42 11 10
100000 42 12 10
100000 42 11 10
100000 43 10 10
100000 43 11 11
100000 43 11 10
100000 43 12 9
100000 43 11 10
100000 44 11 10
100000 44 11 10
100000 44 12 10
100000 44 11 11
100000 44 10 11
100000 45 11 10
100000 45 12 11
100000 45 14 10
100000 45 11 11
100000 45 12 10
100000 46 11 10
100000 46 10 9
100000 46 10 10
100000 46 13 9
100000 46 10 10
100000 47 12 10
100000 47 10 10
100000 47 10 10
100000 47 14 9
100000 47 13 16
100000 48 14 13
100000 48 11 10
100000 48 11 10
100000 48 12 10
100000 48 11 10
100000 49 10 10
100000 49 10 10
100000 49 11 10
100000 49 11 10
100000 49 10 9
100000 50 10 10
100000 50 10 10
100000 50 12 10
100000 50 10 10
100000 50 12 10
100000 51 12 13
100000 51 10 11
100000 51 12 12
100000 51 11 10
100000 51 12 11
100000 52 11 10
100000 52 10 10
100000 52 10 10
100000 52 10 10
100000 52 10 10
100000 53 11 13
100000 53 11 10
100000 53 12 10
100000 53 13 10
100000 53 10 11
100000 54 11 10
100000 54 11 10
100000 54 10 11
100000 54 10 10
100000 54 10 10
100000 55 10 10
100000 55 10 10
100000 55 10 12
100000 55 10 10
100000 55 10 9
100000 56 11 9
100000 56 12 9
100000 56 9 10
100000 56 11 10
100000 56 18 21
100000 57 14 9
100000 57 12 11
100000 57 14 11
100000 57 11 10
100000 57 10 11
100000 58 10 10
100000 58 11 10
100000 58 11 10
100000 58 11 9
100000 58 10 9
100000 59 11 12
100000 59 10 11
100000 59 12 11
100000 59 10 10
100000 59 10 11
100000 60 10 15
100000 60 11 10
100000 60 10 10
100000 60 11 25
100000 60 11 9
100000 61 11 10
100000 61 10 10
100000 61 10 11
100000 61 10 13
100000 61 14 14
100000 62 10 15
100000 62 10 18
100000 62 11 13
100000 62 12 10
100000 62 15 11
100000 63 10 13
100000 63 10 10
100000 63 11 10
100000 63 11 10
100000 63 10 10
100000 64 10 10
100000 64 11 9
100000 64 11 10
100000 64 11 10
100000 64 11 9
100000 65 12 10
100000 65 10 10
100000 65 13 10
100000 65 11 10
100000 65 13 10
100000 66 13 10
100000 66 11 9
100000 66 16 12
100000 66 13 10
100000 66 11 11
100000 67 10 10
100000 67 12 10
100000 67 10 10
100000 67 11 10
100000 67 11 11
100000 68 15 13
100000 68 10 13
100000 68 11 10
100000 68 13 10
100000 68 16 13
100000 69 11 11
100000 69 10 10
100000 69 10 10
100000 69 10 10
100000 69 10 10
100000 70 10 10
100000 70 10 10
100000 70 11 10
100000 70 10 11
100000 70 10 10
100000 71 11 10
100000 71 17 11
100000 71 18 11
100000 71 13 10
100000 71 12 12
100000 72 12 11
100000 72 12 10
100000 72 10 10
100000 72 10 11
100000 72 11 10
100000 73 10 10
100000 73 11 10
100000 73 14 10
100000 73 11 12
100000 73 12 25
100000 74 10 11
100000 74 11 10
100000 74 10 13
100000 74 10 11
100000 74 10 10
100000 75 10 10
100000 75 10 10
100000 75 11 13
100000 75 11 10
100000 75 14 10
100000 76 14 10
100000 76 10 14
100000 76 13 13
100000 76 10 10
100000 76 10 13
100000 77 11 16
100000 77 12 11
100000 77 11 10
100000 77 11 10
100000 77 10 9
100000 78 11 10
100000 78 10 11
100000 78 10 13
100000 78 12 10
100000 78 10 11
100000 79 14 10
100000 79 10 10
100000 79 11 10
100000 79 14 12
100000 79 11 10
100000 80 10 11
100000 80 12 11
100000 80 11 10
100000 80 11 10
100000 80 10 10
100000 81 10 10
100000 81 10 10
100000 81 10 11
100000 81 13 11
100000 81 16 10
100000 82 10 10
100000 82 11 10
100000 82 10 10
100000 82 13 10
100000 82 14 14
100000 83 12 16
100000 83 11 16
100000 83 11 9
100000 83 10 10
100000 83 11 22
100000 84 11 10
100000 84 11 9
100000 84 11 12
100000 84 15 14
100000 84 14 10
100000 85 11 10
100000 85 10 11
100000 85 11 10
100000 85 11 10
100000 85 10 12
100000 86 9 16
100000 86 10 10
100000 86 11 10
100000 86 10 10
100000 86 11 10
100000 87 11 10
100000 87 10 14
100000 87 11 10
100000 87 13 11
100000 87 11 10
100000 88 13 10
100000 88 10 12
100000 88 11 10
100000 88 12 14
100000 88 12 11
100000 89 12 20
100000 89 11 10
100000 89 11 10
100000 89 10 11
100000 89 11 12
100000 90 10 10
100000 90 12 14
100000 90 10 11
100000 90 12 11
100000 90 13 11
100000 91 11 10
100000 91 11 10
100000 91 11 12
100000 91 12 11
100000 91 11 11
100000 92 10 10
100000 92 11 9
100000 92 11 13
100000 92 11 11
100000 92 11 11
100000 93 11 11
100000 93 11 10
100000 93 11 10
100000 93 11 11
100000 93 12 10
100000 94 10 11
100000 94 11 10
100000 94 10 10
100000 94 11 10
100000 94 11 10
100000 95 11 10
100000 95 11 12
100000 95 13 13
100000 95 10 11
100000 95 11 12
100000 96 10 10
100000 96 10 11
100000 96 14 11
100000 96 10 12
100000 96 11 11
100000 97 10 10
100000 97 13 10
100000 97 11 10
100000 97 11 10
100000 97 14 11
100000 98 10 11
100000 98 10 10
100000 98 11 11
100000 98 12 15
100000 98 10 11
100000 99 11 10
100000 99 11 10
100000 99 11 12
100000 99 11 11
100000 99 10 23
100000 100 10 10
100000 100 10 12
100000 100 13 12
100000 100 11 12
100000 100 11 11
100000 101 14 11
100000 101 13 10
100000 101 13 11
100000 101 12 10
100000 101 11 10
100000 102 22 11
100000 102 10 10
100000 102 11 10
100000 102 10 11
100000 102 10 11
100000 103 13 11
100000 103 12 14
100000 103 15 12
100000 103 11 12
100000 103 13 10
100000 104 11 17
100000 104 11 10
100000 104 10 11
100000 104 11 11
100000 104 11 12
100000 105 11 10
100000 105 10 10
100000 105 13 16
100000 105 11 11
100000 105 10 12
100000 106 10 11
100000 106 10 10
100000 106 10 10
100000 106 10 10
100000 106 10 10
100000 107 10 11
100000 107 10 11
100000 107 10 11
100000 107 10 11
100000 107 11 10
100000 108 12 10
100000 108 12 11
100000 108 12 17
100000 108 10 12
100000 108 11 10
100000 109 11 12
100000 109 11 10
100000 109 11 10
100000 109 10 11
100000 109 10 11
100000 110 12 11
100000 110 11 11
100000 110 11 10
100000 110 11 11
100000 110 10 12
100000 111 12 12
100000 111 11 11
100000 111 13 11
100000 111 11 11
100000 111 10 10
100000 112 10 10
100000 112 10 11
100000 112 10 12
100000 112 11 11
100000 112 11 11
100000 113 12 12
100000 113 11 13
100000 113 10 11
100000 113 13 11
100000 113 10 11
100000 114 13 14
100000 114 11 11
100000 114 14 11
100000 114 11 11
100000 114 10 11
100000 115 11 10
100000 115 11 14
100000 115 12 10
100000 115 12 12
100000 115 11 11
100000 116 10 11
100000 116 15 11
100000 116 10 11
100000 116 10 12
100000 116 11 10
100000 117 10 11
100000 117 9 11
100000 117 10 11
100000 117 10 11
100000 117 10 14
100000 118 10 10
100000 118 11 14
100000 118 11 11
100000 118 10 11
100000 118 11 11
100000 119 12 11
100000 119 11 10
100000 119 10 11
100000 119 11 11
100000 119 11 11
100000 120 10 11
100000 120 11 11
100000 120 10 11
100000 120 14 22
100000 120 10 11
100000 121 13 11
100000 121 12 11
100000 121 11 12
100000 121 10 11
100000 121 11 10
100000 122 12 12
100000 122 10 11
100000 122 11 11
100000 122 15 13
100000 122 12 13
100000 123 11 13
100000 123 11 11
100000 123 10 11
100000 123 12 11
100000 123 11 11
100000 124 10 11
100000 124 12 13
100000 124 10 11
100000 124 11 11
100000 124 11 10
100000 125 11 12
100000 125 10 15
100000 125 12 20
100000 125 11 15
100000 125 14 18
100000 126 15 15
100000 126 24 11
100000 126 10 14
100000 126 13 14
100000 126 17 14
100000 127 11 12
100000 127 11 12
100000 127 13 11
100000 127 11 11
100000 127 10 11
100000 128 28 15
100000 128 12 11
100000 128 10 12
100000 128 12 13
100000 128 12 12
100000 129 12 14
100000 129 17 56
100000 129 11 12
100000 129 11 11
100000 129 11 12
100000 130 10 12
100000 130 11 12
100000 130 18 15
100000 130 12 12
100000 130 12 13
100000 131 12 15
100000 131 10 11
100000 131 11 17
100000 131 12 14
100000 131 12 13
100000 132 11 11
100000 132 10 11
100000 132 9 10
100000 132 10 11
100000 132 10 11
100000 133 10 11
100000 133 10 11
100000 133 10 12
100000 133 10 11
100000 133 10 11
100000 134 11 13
100000 134 10 11
100000 134 11 14
100000 134 13 12
100000 134 14 12
100000 135 12 15
100000 135 11 11
100000 135 12 12
100000 135 17 17
100000 135 10 12
100000 136 11 12
100000 136 11 12
100000 136 11 13
100000 136 16 13
100000 136 12 11
100000 137 11 11
100000 137 11 12
100000 137 12 12
100000 137 11 12
100000 137 11 12
100000 138 13 12
100000 138 12 11
100000 138 11 11
100000 138 13 12
100000 138 13 13
100000 139 11 13
100000 139 12 11
100000 139 19 12
100000 139 15 15
100000 139 11 14
100000 140 11 13
100000 140 11 11
100000 140 14 12
100000 140 10 12
100000 140 12 12
100000 141 10 11
100000 141 10 11
100000 141 10 12
100000 141 10 12
100000 141 11 12
100000 142 11 11
100000 142 11 13
100000 142 12 12
100000 142 12 14
100000 142 12 12
100000 143 12 13
100000 143 10 12
100000 143 11 17
100000 143 11 11
100000 143 11 14
100000 144 10 12
100000 144 11 13
100000 144 11 11
100000 144 12 13
100000 144 11 12
100000 145 11 11
100000 145 10 11
100000 145 10 11
100000 145 11 11
100000 145 16 13
100000 146 11 12
100000 146 12 13
100000 146 11 13
100000 146 10 15
100000 146 11 11
100000 147 11 12
100000 147 12 12
100000 147 11 12
100000 147 11 12
100000 147 11 17
100000 148 11 12
100000 148 12 12
100000 148 15 12
100000 148 12 13
100000 148 12 12
100000 149 14 12
100000 149 15 13
100000 149 12 12
100000 149 11 13
100000 149 10 12
100000 150 10 11
100000 150 11 11
100000 150 10 11
100000 150 11 12
100000 150 12 13
100000 151 10 13
100000 151 11 18
100000 151 14 14
100000 151 11 14
100000 151 11 12
100000 152 17 13
100000 152 11 13
100000 152 11 12
100000 152 12 12
100000 152 10 12
100000 153 11 12
100000 153 11 11
100000 153 11 12
100000 153 13 13
100000 153 19 11
100000 154 13 13
100000 154 14 16
100000 154 12 14
100000 154 11 13
100000 154 12 11
100000 155 11 12
100000 155 10 13
100000 155 11 11
100000 155 11 11
100000 155 10 11
100000 156 10 12
100000 156 11 12
100000 156 19 13
100000 156 11 16
100000 156 12 11
100000 157 11 13
100000 157 14 12
100000 157 11 18
100000 157 11 16
100000 157 12 12
100000 158 11 12
100000 158 10 12
100000 158 12 12
100000 158 14 14
100000 158 11 12
100000 159 11 12
100000 159 14 12
100000 159 11 12
100000 159 13 14
100000 159 11 11
100000 160 12 12
100000 160 12 12
100000 160 11 12
100000 160 11 12
100000 160 11 11
100000 161 11 11
100000 161 12 12
100000 161 13 13
100000 161 11 14
100000 161 10 13
100000 162 11 11
100000 162 12 13
100000 162 12 12
100000 162 12 14
100000 162 12 13
100000 163 11 12
100000 163 10 12
100000 163 11 13
100000 163 12 12
100000 163 11 20
100000 164 16 13
100000 164 11 12
100000 164 10 12
100000 164 10 13
100000 164 11 13
100000 165 10 13
100000 165 11 12
100000 165 11 12
100000 165 11 12
100000 165 11 12
100000 166 12 12
100000 166 12 12
100000 166 11 12
100000 166 11 13
100000 166 12 14
100000 167 11 12
100000 167 11 12
100000 167 13 13
100000 167 14 13
100000 167 13 12
100000 168 11 14
100000 168 13 13
100000 168 14 15
100000 168 12 12
100000 168 11 12
100000 169 11 12
100000 169 11 12
100000 169 11 12
100000 169 11 13
100000 169 11 15
100000 170 17 12
100000 170 10 12
100000 170 12 12
100000 170 10 13
100000 170 10 13
100000 171 13 12
100000 171 12 12
100000 171 12 17
100000 171 11 17
100000 171 14 12
100000 172 11 14
100000 172 13 12
100000 172 23 12
100000 172 11 12
100000 172 11 12
100000 173 11 12
100000 173 11 11
100000 173 10 12
100000 173 12 15
100000 173 10 14
100000 174 12 17
100000 174 15 13
100000 174 13 15
100000 174 12 15
100000 174 11 14
100000 175 11 13
100000 175 12 13
100000 175 11 11
100000 175 11 13
100000 175 11 11
100000 176 11 12
100000 176 11 12
100000 176 13 14
100000 176 11 22
100000 176 11 13
100000 177 11 12
100000 177 16 62
100000 177 12 13
100000 177 11 12
100000 177 13 12
100000 178 11 12
100000 178 11 16
100000 178 11 12
100000 178 12 14
100000 178 10 12
100000 179 11 13
100000 179 12 14
100000 179 11 13
100000 179 13 12
100000 179 11 13
100000 180 11 13
100000 180 14 12
100000 180 23 14
100000 180 12 12
100000 180 13 16
100000 181 13 12
100000 181 10 13
100000 181 13 12
100000 181 11 12
100000 181 11 12
100000 182 10 13
100000 182 12 15
100000 182 11 15
100000 182 11 12
100000 182 12 18
100000 183 10 13
100000 183 10 16
100000 183 13 14
100000 183 11 25
100000 183 10 14
100000 184 10 13
100000 184 11 13
100000 184 11 13
100000 184 11 13
100000 184 11 13
100000 185 11 13
100000 185 12 13
100000 185 14 12
100000 185 11 15
100000 185 11 13
100000 186 11 14
100000 186 11 12
100000 186 10 14
100000 186 10 13
100000 186 11 13
100000 187 16 16
100000 187 11 13
100000 187 14 13
100000 187 10 12
100000 187 11 12
100000 188 15 13
100000 188 12 16
100000 188 12 13
100000 188 14 14
100000 188 11 15
100000 189 12 13
100000 189 12 16
100000 189 16 14
100000 189 15 13
100000 189 12 13
100000 190 11 14
100000 190 12 13
100000 190 12 13
100000 190 21 12
100000 190 11 13
100000 191 11 12
100000 191 10 13
100000 191 13 15
100000 191 11 24
100000 191 12 13
100000 192 11 13
100000 192 12 13
100000 192 13 16
100000 192 10 13
100000 192 14 14
100000 193 14 15
100000 193 12 14
100000 193 11 13
100000 193 11 12
100000 193 10 27
100000 194 11 12
100000 194 12 16
100000 194 15 17
100000 194 12 13
100000 194 12 13
100000 195 13 24
100000 195 11 14
100000 195 11 13
100000 195 11 13
100000 195 12 12
100000 196 10 12
100000 196 11 13
100000 196 11 13
100000 196 12 14
100000 196 14 17
100000 197 11 13
100000 197 11 15
100000 197 11 19
100000 197 12 14
100000 197 10 15
100000 198 27 12
100000 198 12 18
100000 198 11 13
100000 198 12 13
100000 198 11 14
100000 199 12 13
100000 199 11 14
100000 199 11 12
100000 199 12 14
100000 199 10 14
100000 200 12 12
100000 200 15 13
100000 200 14 13
100000 200 12 15
100000 200 12 14
100000 201 12 13
100000 201 11 13
100000 201 12 14
100000 201 12 12
100000 201 12 13
100000 202 16 37
100000 202 12 17
100000 202 10 15
100000 202 12 15
100000 202 13 13
100000 203 10 15
100000 203 11 13
100000 203 11 13
100000 203 11 13
100000 203 11 13
100000 204 11 13
100000 204 12 17
100000 204 13 16
100000 204 12 14
100000 204 14 12
100000 205 13 12
100000 205 11 13
100000 205 11 13
100000 205 12 13
100000 205 10 13
100000 206 10 14
100000 206 11 13
100000 206 11 13
100000 206 10 13
100000 206 10 13
100000 207 11 12
100000 207 13 21
100000 207 11 12
100000 207 11 17
100000 207 11 12
100000 208 18 14
100000 208 12 16
100000 208 17 15
100000 208 14 26
100000 208 11 13
100000 209 12 14
100000 209 11 14
100000 209 11 16
100000 209 17 15
100000 209 11 14
100000 210 224 226
100000 210 10 13
100000 210 13 14
100000 210 11 18
100000 210 16 14
100000 211 11 14
100000 211 11 19
100000 211 10 14
100000 211 11 14
100000 211 11 15
100000 212 26 13
100000 212 12 13
100000 212 10 13
100000 212 11 18
100000 212 22 14
100000 213 14 13
100000 213 11 13
100000 213 10 18
100000 213 10 14
100000 213 11 13
100000 214 12 13
100000 214 11 13
100000 214 11 13
100000 214 10 13
100000 214 11 14
100000 215 16 17
100000 215 14 13
100000 215 11 14
100000 215 11 14
100000 215 12 25
100000 216 12 13
100000 216 12 13
100000 216 11 16
100000 216 12 13
100000 216 13 14
100000 217 11 13
100000 217 10 13
100000 217 11 13
100000 217 11 14
100000 217 12 14
100000 218 11 14
100000 218 11 13
100000 218 11 18
100000 218 11 17
100000 218 12 14
100000 219 11 14
100000 219 16 15
100000 219 10 15
100000 219 11 15
100000 219 12 14
100000 220 13 13
100000 220 14 15
100000 220 12 15
100000 220 12 13
100000 220 12 14
100000 221 11 13
100000 221 11 14
100000 221 11 13
100000 221 11 17
100000 221 13 21
100000 222 11 14
100000 222 12 13
100000 222 10 14
100000 222 11 13
100000 222 10 17
100000 223 11 13
100000 223 11 24
100000 223 10 13
100000 223 10 14
100000 223 11 14
100000 224 11 14
100000 224 11 13
100000 224 13 13
100000 224 11 13
100000 224 10 13
100000 225 9 13
100000 225 12 14
100000 225 11 13
100000 225 11 12
100000 225 10 12
100000 226 10 13
100000 226 10 13
100000 226 10 13
100000 226 10 13
100000 226 10 13
100000 227 10 13
100000 227 12 13
100000 227 12 14
100000 227 10 13
100000 227 10 13
100000 228 11 13
100000 228 11 13
100000 228 10 13
100000 228 10 13
100000 228 10 14
100000 229 11 13
100000 229 10 13
100000 229 10 13
100000 229 11 13
100000 229 9 12
100000 230 9 13
100000 230 10 13
100000 230 10 13
100000 230 11 13
100000 230 10 13
100000 231 10 13
100000 231 10 14
100000 231 10 13
100000 231 10 14
100000 231 10 13
100000 232 10 13
100000 232 10 13
100000 232 11 23
100000 232 11 13
100000 232 11 13
100000 233 11 13
100000 233 11 23
100000 233 11 13
100000 233 10 13
100000 233 10 13
100000 234 11 13
100000 234 10 13
100000 234 10 12
100000 234 10 12
100000 234 10 13
100000 235 9 13
100000 235 11 13
100000 235 10 14
100000 235 10 13
100000 235 10 13
100000 236 14 14
100000 236 10 13
100000 236 11 13
100000 236 13 14
100000 236 10 13
100000 237 10 14
100000 237 10 13
100000 237 10 12
100000 237 10 13
100000 237 10 14
100000 238 9 14
100000 238 10 13
100000 238 10 14
100000 238 20 14
100000 238 10 12
100000 239 10 13
100000 239 11 13
100000 239 11 12
100000 239 10 13
100000 239 10 13
100000 240 10 14
100000 240 10 14
100000 240 10 13
100000 240 10 14
100000 240 11 13
100000 241 10 14
100000 241 11 13
100000 241 10 14
100000 241 10 13
100000 241 10 13
100000 242 11 13
100000 242 11 13
100000 242 10 14
100000 242 11 13
100000 242 10 14
100000 243 10 14
100000 243 10 14
100000 243 10 13
100000 243 10 14
100000 243 10 13
100000 244 10 13
100000 244 11 13
100000 244 10 14
100000 244 11 13
100000 244 11 14
100000 245 11 13
100000 245 10 14
100000 245 11 13
100000 245 10 13
100000 245 11 13
100000 246 10 13
100000 246 10 13
100000 246 10 14
100000 246 10 14
100000 246 10 13
100000 247 10 13
100000 247 11 13
100000 247 10 14
100000 247 10 13
100000 247 11 13
100000 248 11 13
100000 248 10 13
100000 248 10 13
100000 248 10 13
100000 248 11 18
100000 249 10 14
100000 249 10 13
100000 249 11 13
100000 249 10 14
100000 249 10 14
