50000 0 6 5
50000 0 5 5
50000 0 5 5
50000 0 5 4
50000 0 4 15
50000 1 5 4
50000 1 5 5
50000 1 5 4
50000 1 5 4
50000 1 5 5
50000 2 4 5
50000 2 4 5
50000 2 5 4
50000 2 5 5
50000 2 5 5
50000 3 5 5
50000 3 5 5
50000 3 5 5
50000 3 5 5
50000 3 4 5
50000 4 4 5
50000 4 5 5
50000 4 4 5
50000 4 5 4
50000 4 5 5
50000 5 5 4
50000 5 5 5
50000 5 5 6
50000 5 7 5
50000 5 5 5
50000 6 8 5
50000 6 6 5
50000 6 7 5
50000 6 5 5
50000 6 5 5
50000 7 9 5
50000 7 5 7
50000 7 5 5
50000 7 6 5
50000 7 4 6
50000 8 5 5
50000 8 5 5
50000 8 5 5
50000 8 5 5
50000 8 7 5
50000 9 6 6
50000 9 6 6
50000 9 4 5
50000 9 5 5
50000 9 8 6
50000 10 6 6
50000 10 5 5
50000 10 8 5
50000 10 9 6
50000 10 4 5
50000 11 6 6
50000 11 5 4
50000 11 7 6
50000 11 5 4
50000 11 5 5
50000 12 5 5
50000 12 5 5
50000 12 5 5
50000 12 5 5
50000 12 5 5
50000 13 5 4
50000 13 5 5
50000 13 6 4
50000 13 5 4
50000 13 5 5
50000 14 5 5
50000 14 5 5
50000 14 6 4
50000 14 5 5
50000 14 7 6
50000 15 6 5
50000 15 6 4
50000 15 5 4
50000 15 5 5
50000 15 6 4
50000 16 6 5
50000 16 5 4
50000 16 5 4
50000 16 5 5
50000 16 5 6
50000 17 5 4
50000 17 5 5
50000 17 5 5
50000 17 5 5
50000 17 5 4
50000 18 6 5
50000 18 5 6
50000 18 5 4
50000 18 5 5
50000 18 5 5
50000 19 6 6
50000 19 8 4
50000 19 5 5
50000 19 6 7
50000 19 5 4
50000 20 6 4
50000 20 5 5
50000 20 5 5
50000 20 6 4
50000 20 5 4
50000 21 6 4
50000 21 4 5
50000 21 7 5
50000 21 5 4
50000 21 5 4
50000 22 5 6
50000 22 7 5
50000 22 6 5
50000 22 5 6
50000 22 5 5
50000 23 5 5
50000 23 5 4
50000 23 6 4
50000 23 5 4
50000 23 5 4
50000 24 5 5
50000 24 5 4
50000 24 5 4
50000 24 4 4
50000 24 5 5
50000 25 5 5
50000 25 5 5
50000 25 5 4
50000 25 8 9
50000 25 5 4
50000 26 7 5
50000 26 5 5
50000 26 6 4
50000 26 4 5
50000 26 5 4
50000 27 5 4
50000 27 5 4
50000 27 5 4
50000 27 5 5
50000 27 5 5
50000 28 5 4
50000 28 9 4
50000 28 9 4
50000 28 5 5
50000 28 8 4
50000 29 5 6
50000 29 6 5
50000 29 5 4
50000 29 5 5
50000 29 7 6
50000 30 7 4
50000 30 5 5
50000 30 5 4
50000 30 5 4
50000 30 5 4
50000 31 6 4
50000 31 4 5
50000 31 4 5
50000 31 5 4
50000 31 5 4
50000 32 5 5
50000 32 5 5
50000 32 5 5
50000 32 6 4
50000 32 6 5
50000 33 5 4
50000 33 5 4
50000 33 6 8
50000 33 5 4
50000 33 9 4
50000 34 5 6
50000 34 5 8
50000 34 8 4
50000 34 5 6
50000 34 5 5
50000 35 5 4
50000 35 6 6
50000 35 5 4
50000 35 9 4
50000 35 5 5
50000 36 6 4
50000 36 6 7
50000 36 5 5
50000 36 5 4
50000 36 6 4
50000 37 5 7
50000 37 5 5
50000 37 4 5
50000 37 10 8
50000 37 5 4
50000 38 6 8
50000 38 5 5
50000 38 5 5
50000 38 7 6
50000 38 5 5
50000 39 5 5
50000 39 5 4
50000 39 5 5
50000 39 4 5
50000 39 5 4
50000 40 5 4
50000 40 5 4
50000 40 4 5
50000 40 5 4
50000 40 5 4
50000 41 5 4
50000 41 5 4
50000 41 5 5
50000 41 4 5
50000 41 5 4
50000 42 5 5
50000 42 5 5
50000 42 8 4
50000 42 5 5
50000 42 5 5
50000 43 5 4
50000 43 5 5
50000 43 6 5
50000 43 5 7
50000 43 5 9
50000 44 5 5
50000 44 5 8
50000 44 5 6
50000 44 7 5
50000 44 7 7
50000 45 5 5
50000 45 5 5
50000 45 5 5
50000 45 5 6
50000 45 5 5
50000 46 6 4
50000 46 5 5
50000 46 5 4
50000 46 6 4
50000 46 5 5
50000 47 5 4
50000 47 5 4
50000 47 4 5
50000 47 5 4
50000 47 5 4
50000 48 6 6
50000 48 5 5
50000 48 5 5
50000 48 5 6
50000 48 5 7
50000 49 6 4
50000 49 5 5
50000 49 9 5
50000 49 8 4
50000 49 7 4
50000 50 6 4
50000 50 5 8
50000 50 5 5
50000 50 4 6
50000 50 4 5
50000 51 19 6
50000 51 5 5
50000 51 5 4
50000 51 5 5
50000 51 5 6
50000 52 5 5
50000 52 8 4
50000 52 5 4
50000 52 5 7
50000 52 7 7
50000 53 6 5
50000 53 6 5
50000 53 5 4
50000 53 6 5
50000 53 5 4
50000 54 5 4
50000 54 5 5
50000 54 6 5
50000 54 5 5
50000 54 5 5
50000 55 5 5
50000 55 5 5
50000 55 4 5
50000 55 4 5
50000 55 5 5
50000 56 5 4
50000 56 5 5
50000 56 5 4
50000 56 5 4
50000 56 4 5
50000 57 4 6
50000 57 5 4
50000 57 5 5
50000 57 5 5
50000 57 5 6
50000 58 4 5
50000 58 5 4
50000 58 7 4
50000 58 7 7
50000 58 5 5
50000 59 6 7
50000 59 5 5
50000 59 7 5
50000 59 5 5
50000 59 7 5
50000 60 8 5
50000 60 5 6
50000 60 6 6
50000 60 5 5
50000 60 5 5
50000 61 5 4
50000 61 5 5
50000 61 5 4
50000 61 5 5
50000 61 5 5
50000 62 5 5
50000 62 5 4
50000 62 5 5
50000 62 5 5
50000 62 4 4
50000 63 4 5
50000 63 5 5
50000 63 5 5
50000 63 5 4
50000 63 5 5
50000 64 5 4
50000 64 6 8
50000 64 5 5
50000 64 5 4
50000 64 5 5
50000 65 5 5
50000 65 6 4
50000 65 7 5
50000 65 5 5
50000 65 5 5
50000 66 5 4
50000 66 5 5
50000 66 5 5
50000 66 5 5
50000 66 7 7
50000 67 5 4
50000 67 5 5
50000 67 18 5
50000 67 5 5
50000 67 5 4
50000 68 5 4
50000 68 5 5
50000 68 5 4
50000 68 6 4
50000 68 8 4
50000 69 5 5
50000 69 5 5
50000 69 5 5
50000 69 6 4
50000 69 5 4
50000 70 5 6
50000 70 5 5
50000 70 5 4
50000 70 6 5
50000 70 7 8
50000 71 6 5
50000 71 4 5
50000 71 5 5
50000 71 5 5
50000 71 7 5
50000 72 5 6
50000 72 8 6
50000 72 5 5
50000 72 5 5
50000 72 5 5
50000 73 5 5
50000 73 5 5
50000 73 5 5
50000 73 5 5
50000 73 9 7
50000 74 7 9
50000 74 6 5
50000 74 5 6
50000 74 5 5
50000 74 5 5
50000 75 5 5
50000 75 5 4
50000 75 5 5
50000 75 5 5
50000 75 4 5
50000 76 5 4
50000 76 5 4
50000 76 5 4
50000 76 5 4
50000 76 6 4
50000 77 4 5
50000 77 5 5
50000 77 4 5
50000 77 5 5
50000 77 5 4
50000 78 5 5
50000 78 5 4
50000 78 6 5
50000 78 5 4
50000 78 7 7
50000 79 5 10
50000 79 5 5
50000 79 4 5
50000 79 5 4
50000 79 5 4
50000 80 4 5
50000 80 6 5
50000 80 5 4
50000 80 6 10
50000 80 6 18
50000 81 8 5
50000 81 7 7
50000 81 5 5
50000 81 9 6
50000 81 6 6
50000 82 5 5
50000 82 5 5
50000 82 5 5
50000 82 5 4
50000 82 5 4
50000 83 5 4
50000 83 5 5
50000 83 5 4
50000 83 5 5
50000 83 5 5
50000 84 5 5
50000 84 4 4
50000 84 6 5
50000 84 5 5
50000 84 6 5
50000 85 4 13
50000 85 6 5
50000 85 5 5
50000 85 5 8
50000 85 10 10
50000 86 5 5
50000 86 5 9
50000 86 5 5
50000 86 5 5
50000 86 6 5
50000 87 5 5
50000 87 5 4
50000 87 5 5
50000 87 5 5
50000 87 6 5
50000 88 4 5
50000 88 5 5
50000 88 5 5
50000 88 5 5
50000 88 5 5
50000 89 5 5
50000 89 5 5
50000 89 5 4
50000 89 5 5
50000 89 5 6
50000 90 7 7
50000 90 6 5
50000 90 7 5
50000 90 5 5
50000 90 7 5
50000 91 5 6
50000 91 9 9
50000 91 4 7
50000 91 5 8
50000 91 4 6
50000 92 4 5
50000 92 6 6
50000 92 5 5
50000 92 5 5
50000 92 4 5
50000 93 5 5
50000 93 5 5
50000 93 6 6
50000 93 4 17
50000 93 5 5
50000 94 5 5
50000 94 5 5
50000 94 4 5
50000 94 4 5
50000 94 6 4
50000 95 5 5
50000 95 5 5
50000 95 5 5
50000 95 5 5
50000 95 5 5
50000 96 5 6
50000 96 6 5
50000 96 5 5
50000 96 6 6
50000 96 6 4
50000 97 5 6
50000 97 5 4
50000 97 5 5
50000 97 5 5
50000 97 5 5
50000 98 5 6
50000 98 4 5
50000 98 5 5
50000 98 6 7
50000 98 5 9
50000 99 5 6
50000 99 5 4
50000 99 5 6
50000 99 5 5
50000 99 4 6
50000 100 6 4
50000 100 5 5
50000 100 6 5
50000 100 5 5
50000 100 5 8
50000 101 5 5
50000 101 5 5
50000 101 4 5
50000 101 4 5
50000 101 4 6
50000 102 5 5
50000 102 5 4
50000 102 5 5
50000 102 5 5
50000 102 5 7
50000 103 4 5
50000 103 4 5
50000 103 5 5
50000 103 5 5
50000 103 5 4
50000 104 5 5
50000 104 5 5
50000 104 5 6
50000 104 5 5
50000 104 6 6
50000 105 5 5
50000 105 5 5
50000 105 5 6
50000 105 8 5
50000 105 6 8
50000 106 15 7
50000 106 5 5
50000 106 5 5
50000 106 5 4
50000 106 5 6
50000 107 5 5
50000 107 5 5
50000 107 6 8
50000 107 5 6
50000 107 7 4
50000 108 8 5
50000 108 5 5
50000 108 5 5
50000 108 5 6
50000 108 5 6
50000 109 5 5
50000 109 8 5
50000 109 6 5
50000 109 5 6
50000 109 5 5
50000 110 4 5
50000 110 4 6
50000 110 5 7
50000 110 5 5
50000 110 5 5
50000 111 5 5
50000 111 5 5
50000 111 5 5
50000 111 6 6
50000 111 8 7
50000 112 5 5
50000 112 7 5
50000 112 6 5
50000 112 6 6
50000 112 6 5
50000 113 5 5
50000 113 6 5
50000 113 5 5
50000 113 6 5
50000 113 5 5
50000 114 5 5
50000 114 5 5
50000 114 6 5
50000 114 5 5
50000 114 5 5
50000 115 5 5
50000 115 5 5
50000 115 5 5
50000 115 5 5
50000 115 5 6
50000 116 6 5
50000 116 5 5
50000 116 5 5
50000 116 5 5
50000 116 5 5
50000 117 6 5
50000 117 5 5
50000 117 5 6
50000 117 5 5
50000 117 10 7
50000 118 5 5
50000 118 6 5
50000 118 5 6
50000 118 5 6
50000 118 5 5
50000 119 6 5
50000 119 5 6
50000 119 5 5
50000 119 5 5
50000 119 5 5
50000 120 5 5
50000 120 5 5
50000 120 5 5
50000 120 5 5
50000 120 5 5
50000 121 5 5
50000 121 5 5
50000 121 5 6
50000 121 5 5
50000 121 5 5
50000 122 5 5
50000 122 5 5
50000 122 5 5
50000 122 5 5
50000 122 6 6
50000 123 8 6
50000 123 5 5
50000 123 7 5
50000 123 5 5
50000 123 5 5
50000 124 7 6
50000 124 5 5
50000 124 6 6
50000 124 6 10
50000 124 4 6
50000 125 5 6
50000 125 5 5
50000 125 6 5
50000 125 5 5
50000 125 5 6
50000 126 5 5
50000 126 6 6
50000 126 4 6
50000 126 5 6
50000 126 5 5
50000 127 5 5
50000 127 5 7
50000 127 5 5
50000 127 5 5
50000 127 5 6
50000 128 6 5
50000 128 5 5
50000 128 5 5
50000 128 5 6
50000 128 5 7
50000 129 5 5
50000 129 4 5
50000 129 5 5
50000 129 5 5
50000 129 6 5
50000 130 5 6
50000 130 5 5
50000 130 5 8
50000 130 4 5
50000 130 5 6
50000 131 7 6
50000 131 5 5
50000 131 5 7
50000 131 6 5
50000 131 7 7
50000 132 8 6
50000 132 4 5
50000 132 9 5
50000 132 5 5
50000 132 8 5
50000 133 6 5
50000 133 5 6
50000 133 5 6
50000 133 5 5
50000 133 4 7
50000 134 5 5
50000 134 5 7
50000 134 5 6
50000 134 5 5
50000 134 5 5
50000 135 5 7
50000 135 5 5
50000 135 5 5
50000 135 5 5
50000 135 5 5
50000 136 5 6
50000 136 5 5
50000 136 5 5
50000 136 5 6
50000 136 5 6
50000 137 6 6
50000 137 7 5
50000 137 5 6
50000 137 5 5
50000 137 5 5
50000 138 5 6
50000 138 5 5
50000 138 5 5
50000 138 4 5
50000 138 5 6
50000 139 5 8
50000 139 5 6
50000 139 5 6
50000 139 7 5
50000 139 7 10
50000 140 5 5
50000 140 8 6
50000 140 5 6
50000 140 5 5
50000 140 5 6
50000 141 5 5
50000 141 5 6
50000 141 5 5
50000 141 5 6
50000 141 5 6
50000 142 5 5
50000 142 5 7
50000 142 5 5
50000 142 6 5
50000 142 5 7
50000 143 5 5
50000 143 5 5
50000 143 5 5
50000 143 5 5
50000 143 5 5
50000 144 4 6
50000 144 5 5
50000 144 5 5
50000 144 5 5
50000 144 6 5
50000 145 5 5
50000 145 8 5
50000 145 5 8
50000 145 6 7
50000 145 6 11
50000 146 5 5
50000 146 5 6
50000 146 6 9
50000 146 6 6
50000 146 5 5
50000 147 5 6
50000 147 5 6
50000 147 6 6
50000 147 5 6
50000 147 6 5
50000 148 5 7
50000 148 6 5
50000 148 5 6
50000 148 5 6
50000 148 6 7
50000 149 5 5
50000 149 5 6
50000 149 5 7
50000 149 5 6
50000 149 8 5
50000 150 5 6
50000 150 5 6
50000 150 5 5
50000 150 6 6
50000 150 6 6
50000 151 5 5
50000 151 8 5
50000 151 5 11
50000 151 7 5
50000 151 6 5
50000 152 5 6
50000 152 5 6
50000 152 5 5
50000 152 5 5
50000 152 5 5
50000 153 4 6
50000 153 5 5
50000 153 5 5
50000 153 5 5
50000 153 5 5
50000 154 5 6
50000 154 5 5
50000 154 5 5
50000 154 6 9
50000 154 6 10
50000 155 5 5
50000 155 5 11
50000 155 5 8
50000 155 5 8
50000 155 6 7
50000 156 6 7
50000 156 7 7
50000 156 5 6
50000 156 8 6
50000 156 5 5
50000 157 5 6
50000 157 5 6
50000 157 5 6
50000 157 5 7
50000 157 5 6
50000 158 5 6
50000 158 5 5
50000 158 5 6
50000 158 5 6
50000 158 5 5
50000 159 5 6
50000 159 5 6
50000 159 5 5
50000 159 5 6
50000 159 5 5
50000 160 5 6
50000 160 5 5
50000 160 5 5
50000 160 5 5
50000 160 5 6
50000 161 5 6
50000 161 5 6
50000 161 6 5
50000 161 5 6
50000 161 4 9
50000 162 5 6
50000 162 5 5
50000 162 5 6
50000 162 5 5
50000 162 6 5
50000 163 7 6
50000 163 5 7
50000 163 5 6
50000 163 5 5
50000 163 6 5
50000 164 5 5
50000 164 5 6
50000 164 5 6
50000 164 6 6
50000 164 5 7
50000 165 5 6
50000 165 5 6
50000 165 5 7
50000 165 5 6
50000 165 6 5
50000 166 5 6
50000 166 5 6
50000 166 5 6
50000 166 5 6
50000 166 6 7
50000 167 5 5
50000 167 8 6
50000 167 5 6
50000 167 5 6
50000 167 5 7
50000 168 5 6
50000 168 6 5
50000 168 6 6
50000 168 5 6
50000 168 5 7
50000 169 6 6
50000 169 5 6
50000 169 5 6
50000 169 5 6
50000 169 5 6
50000 170 5 5
50000 170 5 6
50000 170 5 17
50000 170 5 6
50000 170 5 6
50000 171 5 6
50000 171 5 8
50000 171 5 12
50000 171 6 12
50000 171 5 6
50000 172 9 8
50000 172 8 8
50000 172 6 9
50000 172 6 8
50000 172 6 6
50000 173 5 6
50000 173 6 6
50000 173 5 6
50000 173 6 6
50000 173 6 6
50000 174 5 5
50000 174 5 6
50000 174 6 5
50000 174 4 6
50000 174 5 6
50000 175 6 6
50000 175 5 6
50000 175 7 5
50000 175 5 5
50000 175 6 5
50000 176 6 7
50000 176 5 7
50000 176 5 8
50000 176 5 8
50000 176 6 6
50000 177 5 6
50000 177 5 5
50000 177 5 6
50000 177 5 6
50000 177 5 6
50000 178 5 6
50000 178 5 7
50000 178 5 6
50000 178 5 6
50000 178 6 6
50000 179 5 6
50000 179 8 5
50000 179 5 5
50000 179 6 6
50000 179 6 7
50000 180 5 6
50000 180 5 5
50000 180 5 6
50000 180 5 6
50000 180 6 6
50000 181 5 6
50000 181 5 6
50000 181 5 7
50000 181 5 6
50000 181 9 10
50000 182 5 5
50000 182 5 6
50000 182 7 7
50000 182 7 7
50000 182 6 7
50000 183 5 8
50000 183 6 6
50000 183 8 6
50000 183 5 6
50000 183 6 6
50000 184 6 6
50000 184 5 6
50000 184 5 8
50000 184 5 6
50000 184 5 6
50000 185 5 6
50000 185 5 6
50000 185 5 6
50000 185 5 6
50000 185 5 6
50000 186 5 6
50000 186 5 6
50000 186 5 6
50000 186 6 11
50000 186 6 6
50000 187 6 7
50000 187 5 6
50000 187 6 7
50000 187 5 6
50000 187 5 6
50000 188 6 6
50000 188 7 7
50000 188 5 6
50000 188 5 5
50000 188 6 6
50000 189 5 6
50000 189 5 6
50000 189 6 7
50000 189 5 6
50000 189 5 6
50000 190 5 6
50000 190 7 6
50000 190 6 6
50000 190 6 6
50000 190 6 11
50000 191 5 10
50000 191 5 6
50000 191 5 7
50000 191 6 9
50000 191 5 6
50000 192 9 9
50000 192 8 6
50000 192 5 8
50000 192 5 8
50000 192 6 8
50000 193 5 6
50000 193 5 6
50000 193 5 6
50000 193 5 7
50000 193 5 6
50000 194 5 5
50000 194 5 6
50000 194 5 8
50000 194 5 6
50000 194 5 6
50000 195 6 6
50000 195 5 7
50000 195 5 7
50000 195 6 7
50000 195 7 8
50000 196 5 6
50000 196 11 142
50000 196 6 7
50000 196 5 11
50000 196 6 8
50000 197 5 8
50000 197 6 6
50000 197 6 6
50000 197 7 7
50000 197 6 5
50000 198 5 6
50000 198 4 6
50000 198 6 6
50000 198 5 6
50000 198 5 6
50000 199 5 6
50000 199 5 7
50000 199 28 7
50000 199 6 6
50000 199 5 6
50000 200 5 6
50000 200 5 7
50000 200 5 7
50000 200 5 6
50000 200 7 7
50000 201 7 6
50000 201 5 6
50000 201 8 6
50000 201 5 6
50000 201 6 7
50000 202 6 6
50000 202 5 11
50000 202 5 6
50000 202 8 6
50000 202 5 6
50000 203 6 6
50000 203 5 7
50000 203 6 8
50000 203 7 6
50000 203 7 6
50000 204 5 7
50000 204 6 6
50000 204 6 6
50000 204 7 100
50000 204 5 7
50000 205 12 10
50000 205 6 9
50000 205 6 8
50000 205 5 7
50000 205 6 17
50000 206 5 6
50000 206 5 11
50000 206 5 6
50000 206 5 6
50000 206 5 6
50000 207 5 6
50000 207 5 7
50000 207 6 7
50000 207 5 6
50000 207 6 9
50000 208 6 8
50000 208 5 7
50000 208 5 7
50000 208 5 7
50000 208 5 6
50000 209 5 6
50000 209 5 6
50000 209 6 6
50000 209 5 7
50000 209 5 7
50000 210 5 6
50000 210 5 7
50000 210 6 7
50000 210 5 7
50000 210 6 7
50000 211 5 8
50000 211 5 7
50000 211 5 6
50000 211 5 7
50000 211 5 6
50000 212 7 6
50000 212 5 6
50000 212 6 7
50000 212 5 6
50000 212 5 6
50000 213 7 11
50000 213 7 7
50000 213 5 6
50000 213 5 6
50000 213 5 7
50000 214 5 7
50000 214 5 6
50000 214 5 10
50000 214 5 5
50000 214 8 6
50000 215 5 6
50000 215 5 6
50000 215 5 7
50000 215 6 7
50000 215 5 6
50000 216 5 6
50000 216 5 8
50000 216 8 10
50000 216 5 6
50000 216 9 10
50000 217 4 13
50000 217 5 6
50000 217 7 6
50000 217 5 10
50000 217 5 6
50000 218 5 8
50000 218 6 9
50000 218 5 8
50000 218 5 8
50000 218 6 7
50000 219 5 6
50000 219 6 6
50000 219 5 7
50000 219 5 7
50000 219 5 7
50000 220 5 6
50000 220 4 7
50000 220 5 7
50000 220 5 6
50000 220 5 6
50000 221 5 6
50000 221 6 7
50000 221 7 7
50000 221 5 6
50000 221 6 6
50000 222 5 18
50000 222 6 15
50000 222 5 6
50000 222 6 10
50000 222 5 6
50000 223 5 7
50000 223 5 6
50000 223 6 8
50000 223 5 6
50000 223 7 6
50000 224 5 6
50000 224 8 6
50000 224 5 6
50000 224 6 6
50000 224 5 9
50000 225 6 6
50000 225 5 7
50000 225 5 11
50000 225 5 7
50000 225 9 7
50000 226 5 6
50000 226 4 7
50000 226 5 7
50000 226 5 6
50000 226 6 8
50000 227 5 7
50000 227 5 7
50000 227 5 6
50000 227 5 6
50000 227 5 6
50000 228 4 6
50000 228 5 6
50000 228 8 8
50000 228 5 7
50000 228 7 6
50000 229 7 8
50000 229 5 6
50000 229 6 6
50000 229 5 8
50000 229 24 12
50000 230 7 7
50000 230 5 7
50000 230 6 12
50000 230 5 6
50000 230 5 6
50000 231 6 6
50000 231 5 17
50000 231 5 6
50000 231 5 7
50000 231 7 8
50000 232 5 7
50000 232 7 9
50000 232 5 7
50000 232 6 10
50000 232 6 11
50000 233 5 7
50000 233 5 7
50000 233 5 7
50000 233 5 9
50000 233 7 9
50000 234 6 8
50000 234 4 7
50000 234 5 6
50000 234 5 7
50000 234 4 7
50000 235 4 6
50000 235 5 6
50000 235 5 7
50000 235 5 6
50000 235 5 6
50000 236 5 6
50000 236 5 7
50000 236 5 6
50000 236 5 7
50000 236 6 10
50000 237 5 6
50000 237 6 6
50000 237 5 6
50000 237 5 6
50000 237 5 7
50000 238 5 7
50000 238 5 6
50000 238 5 7
50000 238 4 6
50000 238 5 7
50000 239 5 6
50000 239 5 6
50000 239 4 7
50000 239 5 6
50000 239 4 7
50000 240 5 6
50000 240 5 6
50000 240 5 6
50000 240 5 6
50000 240 5 6
50000 241 5 6
50000 241 5 6
50000 241 4 7
50000 241 5 6
50000 241 5 7
50000 242 5 6
50000 242 5 6
50000 242 5 7
50000 242 5 6
50000 242 5 6
50000 243 5 7
50000 243 5 6
50000 243 5 6
50000 243 5 6
50000 243 5 7
50000 244 5 7
50000 244 4 8
50000 244 4 7
50000 244 5 7
50000 244 5 6
50000 245 5 7
50000 245 5 7
50000 245 5 6
50000 245 5 6
50000 245 5 7
50000 246 5 6
50000 246 5 6
50000 246 5 6
50000 246 5 7
50000 246 5 7
50000 247 5 6
50000 247 5 7
50000 247 5 7
50000 247 5 7
50000 247 5 7
50000 248 5 6
50000 248 5 7
50000 248 5 6
50000 248 5 6
50000 248 5 7
50000 249 5 6
50000 249 5 7
50000 249 5 6
50000 249 15 27
50000 249 5 6
