5000 0 0 1
5000 0 1 0
5000 0 0 0
5000 0 0 1
5000 0 1 0
5000 1 0 1
5000 1 1 0
5000 1 1 0
5000 1 0 1
5000 1 1 0
5000 2 1 0
5000 2 0 1
5000 2 1 0
5000 2 0 1
5000 2 0 0
5000 3 0 1
5000 3 0 1
5000 3 0 1
5000 3 0 1
5000 3 0 0
5000 4 1 0
5000 4 0 1
5000 4 1 0
5000 4 0 1
5000 4 1 0
5000 5 0 0
5000 5 1 0
5000 5 1 0
5000 5 1 0
5000 5 1 0
5000 6 1 0
5000 6 1 0
5000 6 1 0
5000 6 1 0
5000 6 0 1
5000 7 0 0
5000 7 1 0
5000 7 0 1
5000 7 0 1
5000 7 0 0
5000 8 1 0
5000 8 0 1
5000 8 1 0
5000 8 0 1
5000 8 0 0
5000 9 0 1
5000 9 0 0
5000 9 0 1
5000 9 0 1
5000 9 1 0
5000 10 0 1
5000 10 0 1
5000 10 0 0
5000 10 0 0
5000 10 1 0
5000 11 0 1
5000 11 1 0
5000 11 0 0
5000 11 1 0
5000 11 0 1
5000 12 1 0
5000 12 0 0
5000 12 0 1
5000 12 1 0
5000 12 0 1
5000 13 0 1
5000 13 1 0
5000 13 0 0
5000 13 0 0
5000 13 0 1
5000 14 1 0
5000 14 0 0
5000 14 1 0
5000 14 0 1
5000 14 1 0
5000 15 1 0
5000 15 0 0
5000 15 0 0
5000 15 1 1
5000 15 0 1
5000 16 1 0
5000 16 1 0
5000 16 1 0
5000 16 0 1
5000 16 1 0
5000 17 0 0
5000 17 0 1
5000 17 0 1
5000 17 0 0
5000 17 1 1
5000 18 0 0
5000 18 1 0
5000 18 1 1
5000 18 0 1
5000 18 0 0
5000 19 0 0
5000 19 0 0
5000 19 0 1
5000 19 0 1
5000 19 0 0
5000 20 0 0
5000 20 0 1
5000 20 1 0
5000 20 0 1
5000 20 1 1
5000 21 1 0
5000 21 1 0
5000 21 1 0
5000 21 1 0
5000 21 0 1
5000 22 0 1
5000 22 1 0
5000 22 0 0
5000 22 0 0
5000 22 0 1
5000 23 1 0
5000 23 1 0
5000 23 1 0
5000 23 0 1
5000 23 0 0
5000 24 0 1
5000 24 1 0
5000 24 0 0
5000 24 0 1
5000 24 0 1
5000 25 0 1
5000 25 0 0
5000 25 0 1
5000 25 0 1
5000 25 1 1
5000 26 1 0
5000 26 1 0
5000 26 0 1
5000 26 1 0
5000 26 1 0
5000 27 1 0
5000 27 1 0
5000 27 0 1
5000 27 1 0
5000 27 1 0
5000 28 0 0
5000 28 1 0
5000 28 1 0
5000 28 0 0
5000 28 0 1
5000 29 0 0
5000 29 1 0
5000 29 0 0
5000 29 0 1
5000 29 0 1
5000 30 0 1
5000 30 0 1
5000 30 0 1
5000 30 1 1
5000 30 1 0
5000 31 1 0
5000 31 1 0
5000 31 1 0
5000 31 0 1
5000 31 0 1
5000 32 1 2
5000 32 1 0
5000 32 1 0
5000 32 0 1
5000 32 1 0
5000 33 0 1
5000 33 1 0
5000 33 0 0
5000 33 0 1
5000 33 1 0
5000 34 1 0
5000 34 0 0
5000 34 1 0
5000 34 1 0
5000 34 0 0
5000 35 1 0
5000 35 1 1
5000 35 1 0
5000 35 1 0
5000 35 0 0
5000 36 1 0
5000 36 0 1
5000 36 1 0
5000 36 1 0
5000 36 1 0
5000 37 1 0
5000 37 0 1
5000 37 0 1
5000 37 0 1
5000 37 0 0
5000 38 0 0
5000 38 0 1
5000 38 0 1
5000 38 0 1
5000 38 0 0
5000 39 1 0
5000 39 1 0
5000 39 1 0
5000 39 0 1
5000 39 1 0
5000 40 1 0
5000 40 1 0
5000 40 0 1
5000 40 1 1
5000 40 0 1
5000 41 0 0
5000 41 1 0
5000 41 1 1
5000 41 1 0
5000 41 0 0
5000 42 0 0
5000 42 0 1
5000 42 0 1
5000 42 0 0
5000 42 1 0
5000 43 0 1
5000 43 1 0
5000 43 1 0
5000 43 0 1
5000 43 0 0
5000 44 1 0
5000 44 0 0
5000 44 1 0
5000 44 0 0
5000 44 0 0
5000 45 0 1
5000 45 1 0
5000 45 0 0
5000 45 1 0
5000 45 0 0
5000 46 1 0
5000 46 0 1
5000 46 1 0
5000 46 1 0
5000 46 1 0
5000 47 1 0
5000 47 1 0
5000 47 0 1
5000 47 0 1
5000 47 0 0
5000 48 0 1
5000 48 1 1
5000 48 1 0
5000 48 1 0
5000 48 0 1
5000 49 1 0
5000 49 1 0
5000 49 1 0
5000 49 1 1
5000 49 1 0
5000 50 0 1
5000 50 0 0
5000 50 1 0
5000 50 0 1
5000 50 1 0
5000 51 0 0
5000 51 0 1
5000 51 1 0
5000 51 0 1
5000 51 1 0
5000 52 0 1
5000 52 0 1
5000 52 0 0
5000 52 0 1
5000 52 1 0
5000 53 0 0
5000 53 0 0
5000 53 1 0
5000 53 1 0
5000 53 1 0
5000 54 0 1
5000 54 1 0
5000 54 1 0
5000 54 1 0
5000 54 0 1
5000 55 0 0
5000 55 0 1
5000 55 1 0
5000 55 0 1
5000 55 0 1
5000 56 1 0
5000 56 1 0
5000 56 0 0
5000 56 0 0
5000 56 0 1
5000 57 0 1
5000 57 1 1
5000 57 0 1
5000 57 0 1
5000 57 0 1
5000 58 0 0
5000 58 0 0
5000 58 1 0
5000 58 0 1
5000 58 1 0
5000 59 0 1
5000 59 1 0
5000 59 0 1
5000 59 1 0
5000 59 1 0
5000 60 0 0
5000 60 0 1
5000 60 1 0
5000 60 3 1
5000 60 0 1
5000 61 1 0
5000 61 1 0
5000 61 0 0
5000 61 0 0
5000 61 0 1
5000 62 0 0
5000 62 0 0
5000 62 1 0
5000 62 0 1
5000 62 0 0
5000 63 1 1
5000 63 1 0
5000 63 1 0
5000 63 0 1
5000 63 1 0
5000 64 1 1
5000 64 0 1
5000 64 0 1
5000 64 0 1
5000 64 0 1
5000 65 0 0
5000 65 0 1
5000 65 0 1
5000 65 0 1
5000 65 1 1
5000 66 1 0
5000 66 1 0
5000 66 0 0
5000 66 0 0
5000 66 0 1
5000 67 1 0
5000 67 0 1
5000 67 1 0
5000 67 0 1
5000 67 0 1
5000 68 1 0
5000 68 0 0
5000 68 1 0
5000 68 0 1
5000 68 0 0
5000 69 1 0
5000 69 1 0
5000 69 1 0
5000 69 1 0
5000 69 0 0
5000 70 0 1
5000 70 1 0
5000 70 1 0
5000 70 0 0
5000 70 1 0
5000 71 0 1
5000 71 1 0
5000 71 0 1
5000 71 0 1
5000 71 1 0
5000 72 1 1
5000 72 0 0
5000 72 1 1
5000 72 1 0
5000 72 2 0
5000 73 1 0
5000 73 0 0
5000 73 1 0
5000 73 0 0
5000 73 0 1
5000 74 0 0
5000 74 1 1
5000 74 0 0
5000 74 0 0
5000 74 0 1
5000 75 0 1
5000 75 0 1
5000 75 1 0
5000 75 0 1
5000 75 1 0
5000 76 0 1
5000 76 0 1
5000 76 0 1
5000 76 1 0
5000 76 0 1
5000 77 0 1
5000 77 0 1
5000 77 1 1
5000 77 0 1
5000 77 0 0
5000 78 1 0
5000 78 0 1
5000 78 0 0
5000 78 0 1
5000 78 1 0
5000 79 0 1
5000 79 0 1
5000 79 0 1
5000 79 0 0
5000 79 0 1
5000 80 1 0
5000 80 1 0
5000 80 1 0
5000 80 1 0
5000 80 0 0
5000 81 1 0
5000 81 1 1
5000 81 1 0
5000 81 1 0
5000 81 1 0
5000 82 1 0
5000 82 1 0
5000 82 1 0
5000 82 0 1
5000 82 0 1
5000 83 1 0
5000 83 1 0
5000 83 1 0
5000 83 0 1
5000 83 1 0
5000 84 1 0
5000 84 0 0
5000 84 1 0
5000 84 0 1
5000 84 1 0
5000 85 0 0
5000 85 0 0
5000 85 1 0
5000 85 1 0
5000 85 0 0
5000 86 1 0
5000 86 0 1
5000 86 0 0
5000 86 1 0
5000 86 1 0
5000 87 1 1
5000 87 0 1
5000 87 0 1
5000 87 1 0
5000 87 1 1
5000 88 0 0
5000 88 0 1
5000 88 0 1
5000 88 0 1
5000 88 0 0
5000 89 1 0
5000 89 0 1
5000 89 0 0
5000 89 1 0
5000 89 1 0
5000 90 1 0
5000 90 0 1
5000 90 0 1
5000 90 0 0
5000 90 0 1
5000 91 0 1
5000 91 1 0
5000 91 0 0
5000 91 0 1
5000 91 1 0
5000 92 1 1
5000 92 0 1
5000 92 1 0
5000 92 1 0
5000 92 1 0
5000 93 0 0
5000 93 0 0
5000 93 1 0
5000 93 1 0
5000 93 0 1
5000 94 1 0
5000 94 0 1
5000 94 1 0
5000 94 0 1
5000 94 0 0
5000 95 1 0
5000 95 0 1
5000 95 0 1
5000 95 0 1
5000 95 0 1
5000 96 0 1
5000 96 0 1
5000 96 1 0
5000 96 0 0
5000 96 1 0
5000 97 1 1
5000 97 1 0
5000 97 0 0
5000 97 0 0
5000 97 0 1
5000 98 0 1
5000 98 1 0
5000 98 0 0
5000 98 0 1
5000 98 0 0
5000 99 0 1
5000 99 0 1
5000 99 1 0
5000 99 0 1
5000 99 0 1
5000 100 0 0
5000 100 0 1
5000 100 0 1
5000 100 0 1
5000 100 0 1
5000 101 0 1
5000 101 0 0
5000 101 0 1
5000 101 1 0
5000 101 1 0
5000 102 1 0
5000 102 0 1
5000 102 1 0
5000 102 1 0
5000 102 0 1
5000 103 0 0
5000 103 0 1
5000 103 0 1
5000 103 0 1
5000 103 0 0
5000 104 1 0
5000 104 0 1
5000 104 1 0
5000 104 1 0
5000 104 0 1
5000 105 0 1
5000 105 1 0
5000 105 1 0
5000 105 0 1
5000 105 0 0
5000 106 0 0
5000 106 0 0
5000 106 1 0
5000 106 1 0
5000 106 0 1
5000 107 0 0
5000 107 1 1
5000 107 0 1
5000 107 1 0
5000 107 1 1
5000 108 0 0
5000 108 0 1
5000 108 0 1
5000 108 0 1
5000 108 0 1
5000 109 1 1
5000 109 0 1
5000 109 0 1
5000 109 0 1
5000 109 0 1
5000 110 1 0
5000 110 0 1
5000 110 1 0
5000 110 0 1
5000 110 0 1
5000 111 1 0
5000 111 0 1
5000 111 0 1
5000 111 0 1
5000 111 0 0
5000 112 0 0
5000 112 1 0
5000 112 1 0
5000 112 0 1
5000 112 0 1
5000 113 0 0
5000 113 1 0
5000 113 0 1
5000 113 0 1
5000 113 1 0
5000 114 0 1
5000 114 0 1
5000 114 0 0
5000 114 1 0
5000 114 0 0
5000 115 1 1
5000 115 0 1
5000 115 1 1
5000 115 0 0
5000 115 0 0
5000 116 0 1
5000 116 1 0
5000 116 0 0
5000 116 1 0
5000 116 1 0
5000 117 0 1
5000 117 0 0
5000 117 0 1
5000 117 1 1
5000 117 1 0
5000 118 1 0
5000 118 1 1
5000 118 0 0
5000 118 0 0
5000 118 0 0
5000 119 0 1
5000 119 0 0
5000 119 1 0
5000 119 0 1
5000 119 1 0
5000 120 1 0
5000 120 0 0
5000 120 1 1
5000 120 0 1
5000 120 1 1
5000 121 0 1
5000 121 0 1
5000 121 0 1
5000 121 0 1
5000 121 1 0
5000 122 0 1
5000 122 1 0
5000 122 0 1
5000 122 0 1
5000 122 1 0
5000 123 1 0
5000 123 0 1
5000 123 0 0
5000 123 0 0
5000 123 0 1
5000 124 0 0
5000 124 0 1
5000 124 0 0
5000 124 1 0
5000 124 1 0
5000 125 0 1
5000 125 1 0
5000 125 2 0
5000 125 1 0
5000 125 1 0
5000 126 1 1
5000 126 1 0
5000 126 1 0
5000 126 1 1
5000 126 0 1
5000 127 1 0
5000 127 0 1
5000 127 0 1
5000 127 0 0
5000 127 0 1
5000 128 0 0
5000 128 0 1
5000 128 0 1
5000 128 0 1
5000 128 1 0
5000 129 0 1
5000 129 1 0
5000 129 1 0
5000 129 0 1
5000 129 1 1
5000 130 1 0
5000 130 1 0
5000 130 1 0
5000 130 1 1
5000 130 1 1
5000 131 0 2
5000 131 1 0
5000 131 1 1
5000 131 0 1
5000 131 0 1
5000 132 1 0
5000 132 0 0
5000 132 0 0
5000 132 0 1
5000 132 1 0
5000 133 0 0
5000 133 0 1
5000 133 0 1
5000 133 0 1
5000 133 1 0
5000 134 0 1
5000 134 1 0
5000 134 1 0
5000 134 0 1
5000 134 0 0
5000 135 0 1
5000 135 0 1
5000 135 0 1
5000 135 0 1
5000 135 1 0
5000 136 1 0
5000 136 0 0
5000 136 0 1
5000 136 0 0
5000 136 0 0
5000 137 1 0
5000 137 0 0
5000 137 1 0
5000 137 1 0
5000 137 0 1
5000 138 0 1
5000 138 1 0
5000 138 1 0
5000 138 0 1
5000 138 1 0
5000 139 0 1
5000 139 1 0
5000 139 0 1
5000 139 1 1
5000 139 0 1
5000 140 0 0
5000 140 0 1
5000 140 0 1
5000 140 0 1
5000 140 0 1
5000 141 0 0
5000 141 0 0
5000 141 1 0
5000 141 0 1
5000 141 0 1
5000 142 1 0
5000 142 0 1
5000 142 1 1
5000 142 1 0
5000 142 1 0
5000 143 1 0
5000 143 1 0
5000 143 0 1
5000 143 1 0
5000 143 0 1
5000 144 0 1
5000 144 1 0
5000 144 0 1
5000 144 1 0
5000 144 1 0
5000 145 0 1
5000 145 1 0
5000 145 0 1
5000 145 1 0
5000 145 0 0
5000 146 1 0
5000 146 1 0
5000 146 1 0
5000 146 0 0
5000 146 1 1
5000 147 0 0
5000 147 1 1
5000 147 0 1
5000 147 1 0
5000 147 0 1
5000 148 1 1
5000 148 1 1
5000 148 1 0
5000 148 0 0
5000 148 1 0
5000 149 1 0
5000 149 0 1
5000 149 0 0
5000 149 0 1
5000 149 1 0
5000 150 1 0
5000 150 0 1
5000 150 1 0
5000 150 0 1
5000 150 0 1
5000 151 0 1
5000 151 1 0
5000 151 0 1
5000 151 0 1
5000 151 0 0
5000 152 0 0
5000 152 0 1
5000 152 1 0
5000 152 1 1
5000 152 1 0
5000 153 0 0
5000 153 1 0
5000 153 0 1
5000 153 1 0
5000 153 0 1
5000 154 0 1
5000 154 1 1
5000 154 0 1
5000 154 0 1
5000 154 0 1
5000 155 0 1
5000 155 0 0
5000 155 0 1
5000 155 2 0
5000 155 0 1
5000 156 0 1
5000 156 1 0
5000 156 1 0
5000 156 1 0
5000 156 0 1
5000 157 1 0
5000 157 0 1
5000 157 0 1
5000 157 0 0
5000 157 0 1
5000 158 0 0
5000 158 0 1
5000 158 0 0
5000 158 0 1
5000 158 1 0
5000 159 0 0
5000 159 0 1
5000 159 1 0
5000 159 0 1
5000 159 0 1
5000 160 0 1
5000 160 1 0
5000 160 1 0
5000 160 1 0
5000 160 0 1
5000 161 1 0
5000 161 0 1
5000 161 0 1
5000 161 1 0
5000 161 1 0
5000 162 1 1
5000 162 0 0
5000 162 0 0
5000 162 1 0
5000 162 1 0
5000 163 1 0
5000 163 0 1
5000 163 0 1
5000 163 0 1
5000 163 0 1
5000 164 0 1
5000 164 0 1
5000 164 0 1
5000 164 1 0
5000 164 1 1
5000 165 1 0
5000 165 1 1
5000 165 0 0
5000 165 0 1
5000 165 0 1
5000 166 0 1
5000 166 0 1
5000 166 1 1
5000 166 1 0
5000 166 1 0
5000 167 0 1
5000 167 1 1
5000 167 1 0
5000 167 0 0
5000 167 1 0
5000 168 0 1
5000 168 0 0
5000 168 1 0
5000 168 0 1
5000 168 0 0
5000 169 1 0
5000 169 1 1
5000 169 0 1
5000 169 0 1
5000 169 0 1
5000 170 0 1
5000 170 1 0
5000 170 0 1
5000 170 1 0
5000 170 1 0
5000 171 0 0
5000 171 0 0
5000 171 1 0
5000 171 0 1
5000 171 0 0
5000 172 0 0
5000 172 1 0
5000 172 0 1
5000 172 0 1
5000 172 1 0
5000 173 0 1
5000 173 0 0
5000 173 0 1
5000 173 0 1
5000 173 1 0
5000 174 0 1
5000 174 0 1
5000 174 1 0
5000 174 0 0
5000 174 0 0
5000 175 1 0
5000 175 0 1
5000 175 1 1
5000 175 0 1
5000 175 0 1
5000 176 0 0
5000 176 0 1
5000 176 1 1
5000 176 1 0
5000 176 0 1
5000 177 1 0
5000 177 1 0
5000 177 0 0
5000 177 0 1
5000 177 0 1
5000 178 0 1
5000 178 0 1
5000 178 0 1
5000 178 1 1
5000 178 1 0
5000 179 1 0
5000 179 2 1
5000 179 1 0
5000 179 0 1
5000 179 1 0
5000 180 1 0
5000 180 1 0
5000 180 1 0
5000 180 1 0
5000 180 1 0
5000 181 0 1
5000 181 0 1
5000 181 1 0
5000 181 1 0
5000 181 1 0
5000 182 0 1
5000 182 0 1
5000 182 1 0
5000 182 0 1
5000 182 1 0
5000 183 0 1
5000 183 1 0
5000 183 0 0
5000 183 1 1
5000 183 0 1
5000 184 0 1
5000 184 1 1
5000 184 0 1
5000 184 0 0
5000 184 0 1
5000 185 1 0
5000 185 0 1
5000 185 0 1
5000 185 0 1
5000 185 1 0
5000 186 1 0
5000 186 0 1
5000 186 0 2
5000 186 1 0
5000 186 1 0
5000 187 1 0
5000 187 1 0
5000 187 0 1
5000 187 1 0
5000 187 0 1
5000 188 0 1
5000 188 1 1
5000 188 1 0
5000 188 0 0
5000 188 0 2
5000 189 0 1
5000 189 0 0
5000 189 0 1
5000 189 1 0
5000 189 0 1
5000 190 0 1
5000 190 0 1
5000 190 1 0
5000 190 0 1
5000 190 0 1
5000 191 1 0
5000 191 1 0
5000 191 0 0
5000 191 0 1
5000 191 0 1
5000 192 1 0
5000 192 1 0
5000 192 1 0
5000 192 0 1
5000 192 1 0
5000 193 0 0
5000 193 1 0
5000 193 1 1
5000 193 1 1
5000 193 0 1
5000 194 1 0
5000 194 1 0
5000 194 1 0
5000 194 0 1
5000 194 1 0
5000 195 1 0
5000 195 1 0
5000 195 1 0
5000 195 1 0
5000 195 0 1
5000 196 0 1
5000 196 1 0
5000 196 1 0
5000 196 1 0
5000 196 1 0
5000 197 0 1
5000 197 1 0
5000 197 1 0
5000 197 1 0
5000 197 0 1
5000 198 0 0
5000 198 0 1
5000 198 1 0
5000 198 0 1
5000 198 1 0
5000 199 0 1
5000 199 1 0
5000 199 0 1
5000 199 0 1
5000 199 1 0
5000 200 0 1
5000 200 1 0
5000 200 0 1
5000 200 0 1
5000 200 1 0
5000 201 1 0
5000 201 1 0
5000 201 1 0
5000 201 4 1
5000 201 1 1
5000 202 1 0
5000 202 0 1
5000 202 1 1
5000 202 1 0
5000 202 1 1
5000 203 0 1
5000 203 0 1
5000 203 0 1
5000 203 0 1
5000 203 1 0
5000 204 1 0
5000 204 1 0
5000 204 1 0
5000 204 0 1
5000 204 1 0
5000 205 1 0
5000 205 1 0
5000 205 0 1
5000 205 1 0
5000 205 1 1
5000 206 0 1
5000 206 1 0
5000 206 1 0
5000 206 1 0
5000 206 0 1
5000 207 1 0
5000 207 0 1
5000 207 1 0
5000 207 1 0
5000 207 0 1
5000 208 1 0
5000 208 0 1
5000 208 1 0
5000 208 1 0
5000 208 1 0
5000 209 0 1
5000 209 1 0
5000 209 1 1
5000 209 0 1
5000 209 0 1
5000 210 0 1
5000 210 1 0
5000 210 1 0
5000 210 0 1
5000 210 0 1
5000 211 0 1
5000 211 0 1
5000 211 1 0
5000 211 1 0
5000 211 1 0
5000 212 0 0
5000 212 1 0
5000 212 0 1
5000 212 0 0
5000 212 1 1
5000 213 0 0
5000 213 0 1
5000 213 1 0
5000 213 0 1
5000 213 1 0
5000 214 1 0
5000 214 1 0
5000 214 0 1
5000 214 0 2
5000 214 1 0
5000 215 0 0
5000 215 1 0
5000 215 0 0
5000 215 1 0
5000 215 1 0
5000 216 0 1
5000 216 1 0
5000 216 1 1
5000 216 0 1
5000 216 0 1
5000 217 1 0
5000 217 0 1
5000 217 1 0
5000 217 0 0
5000 217 1 0
5000 218 1 0
5000 218 1 0
5000 218 1 1
5000 218 0 1
5000 218 0 1
5000 219 1 0
5000 219 0 1
5000 219 0 1
5000 219 0 1
5000 219 0 1
5000 220 2 1
5000 220 0 1
5000 220 0 1
5000 220 1 0
5000 220 1 0
5000 221 0 1
5000 221 0 1
5000 221 0 1
5000 221 0 1
5000 221 1 0
5000 222 1 1
5000 222 0 1
5000 222 0 1
5000 222 0 1
5000 222 1 0
5000 223 0 1
5000 223 0 1
5000 223 0 1
5000 223 1 0
5000 223 1 1
5000 224 0 1
5000 224 1 0
5000 224 0 1
5000 224 0 1
5000 224 1 0
5000 225 1 0
5000 225 1 0
5000 225 0 1
5000 225 0 1
5000 225 1 0
5000 226 0 1
5000 226 1 0
5000 226 1 0
5000 226 0 1
5000 226 1 0
5000 227 0 1
5000 227 0 1
5000 227 0 1
5000 227 1 0
5000 227 0 0
5000 228 0 1
5000 228 1 0
5000 228 1 0
5000 228 1 0
5000 228 0 1
5000 229 1 0
5000 229 1 0
5000 229 0 1
5000 229 1 0
5000 229 1 0
5000 230 1 0
5000 230 0 1
5000 230 1 0
5000 230 0 1
5000 230 0 1
5000 231 1 1
5000 231 0 1
5000 231 0 2
5000 231 1 0
5000 231 0 1
5000 232 0 1
5000 232 0 1
5000 232 1 0
5000 232 1 0
5000 232 0 1
5000 233 0 0
5000 233 1 0
5000 233 1 1
5000 233 0 1
5000 233 1 0
5000 234 0 1
5000 234 1 0
5000 234 0 1
5000 234 1 1
5000 234 0 1
5000 235 0 1
5000 235 0 0
5000 235 1 0
5000 235 0 1
5000 235 0 1
5000 236 0 1
5000 236 0 1
5000 236 0 1
5000 236 0 1
5000 236 0 1
5000 237 1 0
5000 237 1 1
5000 237 0 1
5000 237 0 1
5000 237 0 0
5000 238 1 0
5000 238 1 0
5000 238 0 1
5000 238 0 1
5000 238 0 1
5000 239 0 1
5000 239 0 1
5000 239 0 1
5000 239 0 1
5000 239 1 0
5000 240 1 0
5000 240 0 1
5000 240 1 1
5000 240 1 0
5000 240 1 0
5000 241 0 1
5000 241 1 0
5000 241 0 1
5000 241 1 0
5000 241 0 1
5000 242 1 0
5000 242 0 1
5000 242 1 0
5000 242 1 0
5000 242 0 1
5000 243 0 1
5000 243 0 1
5000 243 0 1
5000 243 0 1
5000 243 0 1
5000 244 0 1
5000 244 1 1
5000 244 0 1
5000 244 0 1
5000 244 1 1
5000 245 1 0
5000 245 0 1
5000 245 1 0
5000 245 0 1
5000 245 6 1
5000 246 1 7
5000 246 1 1
5000 246 0 0
5000 246 1 1
5000 246 1 0
5000 247 1 0
5000 247 0 1
5000 247 0 1
5000 247 0 1
5000 247 0 1
5000 248 0 2
5000 248 1 1
5000 248 0 1
5000 248 0 1
5000 248 0 1
5000 249 1 0
5000 249 1 0
5000 249 1 0
5000 249 0 1
5000 249 1 1
