1000000 0 135 151
1000000 0 147 144
1000000 0 141 147
1000000 0 133 142
1000000 0 142 142
1000000 1 138 129
1000000 1 143 127
1000000 1 132 130
1000000 1 127 139
1000000 1 131 135
1000000 2 141 127
1000000 2 137 127
1000000 2 151 129
1000000 2 134 130
1000000 2 126 137
1000000 3 130 138
1000000 3 135 126
1000000 3 140 127
1000000 3 137 140
1000000 3 134 125
1000000 4 130 134
1000000 4 131 125
1000000 4 137 122
1000000 4 133 127
1000000 4 142 130
1000000 5 145 125
1000000 5 134 134
1000000 5 133 131
1000000 5 129 132
1000000 5 141 151
1000000 6 145 144
1000000 6 127 123
1000000 6 144 127
1000000 6 141 168
1000000 6 128 131
1000000 7 134 127
1000000 7 132 126
1000000 7 153 125
1000000 7 146 118
1000000 7 144 143
1000000 8 135 146
1000000 8 129 131
1000000 8 133 130
1000000 8 134 126
1000000 8 129 123
1000000 9 133 126
1000000 9 132 135
1000000 9 123 133
1000000 9 126 144
1000000 9 128 129
1000000 10 129 128
1000000 10 130 132
1000000 10 132 133
1000000 10 124 125
1000000 10 127 139
1000000 11 134 131
1000000 11 126 139
1000000 11 141 133
1000000 11 131 127
1000000 11 124 143
1000000 12 124 154
1000000 12 136 130
1000000 12 127 129
1000000 12 143 126
1000000 12 127 124
1000000 13 130 127
1000000 13 128 127
1000000 13 127 131
1000000 13 140 126
1000000 13 136 122
1000000 14 128 122
1000000 14 134 134
1000000 14 127 131
1000000 14 124 134
1000000 14 140 122
1000000 15 144 117
1000000 15 148 122
1000000 15 136 134
1000000 15 130 124
1000000 15 132 140
1000000 16 132 128
1000000 16 132 126
1000000 16 133 138
1000000 16 136 128
1000000 16 144 144
1000000 17 132 133
1000000 17 125 130
1000000 17 126 134
1000000 17 127 123
1000000 17 127 121
1000000 18 130 131
1000000 18 141 124
1000000 18 126 141
1000000 18 131 140
1000000 18 128 120
1000000 19 125 132
1000000 19 134 135
1000000 19 133 126
1000000 19 126 125
1000000 19 132 129
1000000 20 136 128
1000000 20 147 120
1000000 20 163 117
1000000 20 148 118
1000000 20 132 126
1000000 21 128 133
1000000 21 132 122
1000000 21 129 123
1000000 21 136 119
1000000 21 129 119
1000000 22 139 118
1000000 22 151 120
1000000 22 134 133
1000000 22 139 119
1000000 22 128 122
1000000 23 130 128
1000000 23 134 128
1000000 23 124 125
1000000 23 132 123
1000000 23 129 117
1000000 24 136 124
1000000 24 144 119
1000000 24 143 118
1000000 24 129 131
1000000 24 135 120
1000000 25 138 117
1000000 25 139 130
1000000 25 140 126
1000000 25 133 123
1000000 25 132 123
1000000 26 147 124
1000000 26 143 119
1000000 26 138 122
1000000 26 143 123
1000000 26 139 141
1000000 27 134 128
1000000 27 137 120
1000000 27 126 136
1000000 27 135 130
1000000 27 131 120
1000000 28 124 140
1000000 28 130 128
1000000 28 133 122
1000000 28 133 122
1000000 28 142 119
1000000 29 140 135
1000000 29 130 121
1000000 29 132 122
1000000 29 132 118
1000000 29 132 124
1000000 30 146 148
1000000 30 151 118
1000000 30 132 135
1000000 30 136 135
1000000 30 157 114
1000000 31 143 133
1000000 31 140 122
1000000 31 127 136
1000000 31 127 141
1000000 31 129 120
1000000 32 144 129
1000000 32 128 128
1000000 32 133 122
1000000 32 134 128
1000000 32 131 128
1000000 33 135 121
1000000 33 152 121
1000000 33 139 125
1000000 33 145 120
1000000 33 142 130
1000000 34 139 125
1000000 34 139 121
1000000 34 136 115
1000000 34 152 136
1000000 34 149 119
1000000 35 127 122
1000000 35 132 142
1000000 35 126 122
1000000 35 126 128
1000000 35 127 141
1000000 36 128 133
1000000 36 124 140
1000000 36 126 141
1000000 36 129 124
1000000 36 133 118
1000000 37 138 122
1000000 37 127 136
1000000 37 126 125
1000000 37 135 125
1000000 37 137 116
1000000 38 139 119
1000000 38 136 120
1000000 38 137 118
1000000 38 137 129
1000000 38 137 135
1000000 39 141 120
1000000 39 124 132
1000000 39 409 152
1000000 39 129 143
1000000 39 127 127
1000000 40 136 123
1000000 40 136 619
1000000 40 137 129
1000000 40 139 125
1000000 40 143 121
1000000 41 128 127
1000000 41 142 129
1000000 41 127 131
1000000 41 126 137
1000000 41 130 131
1000000 42 142 141
1000000 42 127 150
1000000 42 127 124
1000000 42 126 123
1000000 42 141 124
1000000 43 138 118
1000000 43 127 125
1000000 43 129 143
1000000 43 131 136
1000000 43 132 133
1000000 44 153 125
1000000 44 137 123
1000000 44 132 122
1000000 44 140 130
1000000 44 135 132
1000000 45 138 118
1000000 45 135 124
1000000 45 135 122
1000000 45 138 129
1000000 45 133 124
1000000 46 131 131
1000000 46 138 136
1000000 46 140 116
1000000 46 130 132
1000000 46 140 125
1000000 47 133 120
1000000 47 128 130
1000000 47 134 127
1000000 47 143 123
1000000 47 628 132
1000000 48 141 129
1000000 48 138 129
1000000 48 130 135
1000000 48 130 120
1000000 48 130 128
1000000 49 134 130
1000000 49 130 130
1000000 49 126 134
1000000 49 137 119
1000000 49 150 118
1000000 50 136 119
1000000 50 140 121
1000000 50 130 122
1000000 50 132 121
1000000 50 150 120
1000000 51 141 119
1000000 51 143 125
1000000 51 139 135
1000000 51 131 135
1000000 51 136 119
1000000 52 132 129
1000000 52 139 123
1000000 52 146 130
1000000 52 129 122
1000000 52 123 131
1000000 53 127 146
1000000 53 129 124
1000000 53 126 131
1000000 53 126 137
1000000 53 127 128
1000000 54 127 137
1000000 54 133 122
1000000 54 147 125
1000000 54 126 141
1000000 54 540 271
1000000 55 128 161
1000000 55 131 138
1000000 55 129 126
1000000 55 125 147
1000000 55 128 145
1000000 56 133 123
1000000 56 145 130
1000000 56 127 131
1000000 56 131 125
1000000 56 127 128
1000000 57 130 128
1000000 57 137 124
1000000 57 137 135
1000000 57 128 145
1000000 57 121 141
1000000 58 126 128
1000000 58 136 126
1000000 58 132 125
1000000 58 133 135
1000000 58 142 125
1000000 59 142 137
1000000 59 135 145
1000000 59 133 128
1000000 59 128 124
1000000 59 128 128
1000000 60 131 126
1000000 60 125 137
1000000 60 129 138
1000000 60 136 120
1000000 60 133 122
1000000 61 140 123
1000000 61 149 130
1000000 61 129 134
1000000 61 131 131
1000000 61 128 118
1000000 62 132 118
1000000 62 134 126
1000000 62 134 129
1000000 62 125 123
1000000 62 123 138
1000000 63 131 131
1000000 63 126 126
1000000 63 127 139
1000000 63 135 124
1000000 63 130 150
1000000 64 132 124
1000000 64 140 125
1000000 64 130 150
1000000 64 137 131
1000000 64 130 143
1000000 65 126 128
1000000 65 128 125
1000000 65 126 137
1000000 65 125 133
1000000 65 132 155
1000000 66 125 129
1000000 66 129 127
1000000 66 149 124
1000000 66 143 120
1000000 66 139 139
1000000 67 137 123
1000000 67 128 126
1000000 67 138 123
1000000 67 142 122
1000000 67 140 134
1000000 68 130 129
1000000 68 131 121
1000000 68 133 122
1000000 68 139 123
1000000 68 149 122
1000000 69 135 132
1000000 69 130 154
1000000 69 125 127
1000000 69 140 138
1000000 69 131 136
1000000 70 130 138
1000000 70 141 139
1000000 70 133 130
1000000 70 129 144
1000000 70 129 133
1000000 71 132 127
1000000 71 132 137
1000000 71 136 139
1000000 71 167 123
1000000 71 131 131
1000000 72 150 146
1000000 72 134 129
1000000 72 130 145
1000000 72 134 124
1000000 72 133 127
1000000 73 132 145
1000000 73 138 140
1000000 73 145 139
1000000 73 132 134
1000000 73 148 126
1000000 74 138 140
1000000 74 137 132
1000000 74 139 126
1000000 74 129 141
1000000 74 132 143
1000000 75 129 137
1000000 75 131 128
1000000 75 140 133
1000000 75 148 144
1000000 75 126 146
1000000 76 126 137
1000000 76 131 135
1000000 76 128 132
1000000 76 136 128
1000000 76 130 133
1000000 77 138 136
1000000 77 137 126
1000000 77 144 144
1000000 77 134 131
1000000 77 141 131
1000000 78 127 144
1000000 78 136 163
1000000 78 126 129
1000000 78 127 160
1000000 78 130 141
1000000 79 131 145
1000000 79 128 136
1000000 79 135 147
1000000 79 132 144
1000000 79 126 153
1000000 80 127 142
1000000 80 134 141
1000000 80 136 142
1000000 80 132 135
1000000 80 132 134
1000000 81 128 142
1000000 81 127 136
1000000 81 134 141
1000000 81 131 130
1000000 81 134 121
1000000 82 149 125
1000000 82 136 138
1000000 82 147 143
1000000 82 140 125
1000000 82 148 140
1000000 83 140 131
1000000 83 138 144
1000000 83 137 138
1000000 83 133 139
1000000 83 146 153
1000000 84 151 143
1000000 84 138 133
1000000 84 139 129
1000000 84 139 124
1000000 84 141 142
1000000 85 133 140
1000000 85 138 158
1000000 85 147 131
1000000 85 145 145
1000000 85 132 137
1000000 86 149 133
1000000 86 130 139
1000000 86 140 140
1000000 86 132 147
1000000 86 143 149
1000000 87 134 132
1000000 87 147 129
1000000 87 133 129
1000000 87 141 129
1000000 87 134 130
1000000 88 130 133
1000000 88 136 128
1000000 88 135 131
1000000 88 152 133
1000000 88 134 134
1000000 89 133 147
1000000 89 134 137
1000000 89 140 127
1000000 89 133 128
1000000 89 134 168
1000000 90 137 141
1000000 90 133 156
1000000 90 137 131
1000000 90 153 130
1000000 90 145 132
1000000 91 137 139
1000000 91 132 140
1000000 91 125 148
1000000 91 129 151
1000000 91 133 132
1000000 92 135 151
1000000 92 140 136
1000000 92 140 139
1000000 92 129 136
1000000 92 130 136
1000000 93 130 138
1000000 93 145 138
1000000 93 157 127
1000000 93 132 134
1000000 93 136 154
1000000 94 156 137
1000000 94 147 154
1000000 94 145 144
1000000 94 130 140
1000000 94 135 145
1000000 95 144 137
1000000 95 148 142
1000000 95 132 141
1000000 95 142 135
1000000 95 131 145
1000000 96 133 139
1000000 96 130 147
1000000 96 127 144
1000000 96 144 155
1000000 96 133 149
1000000 97 129 152
1000000 97 132 154
1000000 97 133 135
1000000 97 135 145
1000000 97 143 134
1000000 98 149 138
1000000 98 135 149
1000000 98 155 133
1000000 98 139 130
1000000 98 135 139
1000000 99 134 158
1000000 99 142 132
1000000 99 147 134
1000000 99 135 140
1000000 99 142 134
1000000 100 128 150
1000000 100 134 145
1000000 100 145 141
1000000 100 133 158
1000000 100 137 134
1000000 101 133 156
1000000 101 136 164
1000000 101 156 135
1000000 101 137 144
1000000 101 135 143
1000000 102 136 148
1000000 102 137 139
1000000 102 161 648
1000000 102 155 140
1000000 102 135 139
1000000 103 134 158
1000000 103 133 143
1000000 103 135 141
1000000 103 132 149
1000000 103 138 139
1000000 104 146 139
1000000 104 131 140
1000000 104 142 147
1000000 104 133 166
1000000 104 130 136
1000000 105 133 137
1000000 105 152 133
1000000 105 148 133
1000000 105 138 153
1000000 105 148 153
1000000 106 135 134
1000000 106 151 168
1000000 106 142 147
1000000 106 146 136
1000000 106 152 659
1000000 107 134 149
1000000 107 140 153
1000000 107 128 146
1000000 107 135 134
1000000 107 131 170
1000000 108 134 144
1000000 108 141 131
1000000 108 135 146
1000000 108 145 146
1000000 108 146 140
1000000 109 128 142
1000000 109 133 140
1000000 109 132 158
1000000 109 136 153
1000000 109 137 138
1000000 110 134 153
1000000 110 131 143
1000000 110 128 143
1000000 110 127 183
1000000 110 131 160
1000000 111 147 149
1000000 111 133 144
1000000 111 142 146
1000000 111 155 146
1000000 111 132 156
1000000 112 137 146
1000000 112 141 140
1000000 112 133 153
1000000 112 149 134
1000000 112 137 128
1000000 113 134 152
1000000 113 150 142
1000000 113 141 137
1000000 113 131 156
1000000 113 147 138
1000000 114 139 133
1000000 114 144 154
1000000 114 152 147
1000000 114 133 138
1000000 114 141 169
1000000 115 132 138
1000000 115 137 133
1000000 115 138 150
1000000 115 135 145
1000000 115 135 133
1000000 116 141 149
1000000 116 151 138
1000000 116 149 137
1000000 116 130 161
1000000 116 133 151
1000000 117 133 134
1000000 117 140 143
1000000 117 141 163
1000000 117 130 133
1000000 117 123 132
1000000 118 126 138
1000000 118 126 130
1000000 118 124 130
1000000 118 123 127
1000000 118 131 136
1000000 119 129 132
1000000 119 126 131
1000000 119 127 131
1000000 119 134 132
1000000 119 124 127
1000000 120 126 134
1000000 120 123 129
1000000 120 126 129
1000000 120 127 127
1000000 120 123 125
1000000 121 124 125
1000000 121 128 128
1000000 121 124 142
1000000 121 121 131
1000000 121 122 128
1000000 122 124 131
1000000 122 127 141
1000000 122 125 127
1000000 122 124 129
1000000 122 124 139
1000000 123 124 125
1000000 123 127 130
1000000 123 128 137
1000000 123 126 124
1000000 123 121 127
1000000 124 125 132
1000000 124 137 131
1000000 124 122 130
1000000 124 125 141
1000000 124 128 128
1000000 125 122 132
1000000 125 123 132
1000000 125 123 129
1000000 125 277 130
1000000 125 126 134
1000000 126 129 135
1000000 126 126 127
1000000 126 124 123
1000000 126 120 138
1000000 126 123 128
1000000 127 122 126
1000000 127 121 137
1000000 127 125 126
1000000 127 122 123
1000000 127 120 136
1000000 128 121 127
1000000 128 119 125
1000000 128 128 128
1000000 128 125 127
1000000 128 123 124
1000000 129 118 128
1000000 129 123 132
1000000 129 124 129
1000000 129 121 128
1000000 129 125 126
1000000 130 127 133
1000000 130 122 142
1000000 130 120 129
1000000 130 122 126
1000000 130 117 125
1000000 131 121 123
1000000 131 123 125
1000000 131 119 130
1000000 131 120 130
1000000 131 123 127
1000000 132 121 130
1000000 132 131 127
1000000 132 134 125
1000000 132 121 130
1000000 132 316 434
1000000 133 120 124
1000000 133 118 125
1000000 133 128 125
1000000 133 119 133
1000000 133 118 126
1000000 134 118 125
1000000 134 118 122
1000000 134 118 128
1000000 134 121 128
1000000 134 119 123
1000000 135 123 126
1000000 135 121 127
1000000 135 121 124
1000000 135 116 125
1000000 135 119 124
1000000 136 119 133
1000000 136 117 126
1000000 136 121 128
1000000 136 124 125
1000000 136 116 125
1000000 137 119 125
1000000 137 122 127
1000000 137 129 130
1000000 137 121 125
1000000 137 119 123
1000000 138 117 127
1000000 138 119 127
1000000 138 118 122
1000000 138 123 125
1000000 138 118 125
1000000 139 118 123
1000000 139 117 136
1000000 139 120 127
1000000 139 118 123
1000000 139 116 125
1000000 140 122 128
1000000 140 121 126
1000000 140 117 126
1000000 140 119 133
1000000 140 121 126
1000000 141 118 138
1000000 141 120 127
1000000 141 121 126
1000000 141 120 130
1000000 141 120 127
1000000 142 120 125
1000000 142 117 128
1000000 142 119 128
1000000 142 123 129
1000000 142 121 131
1000000 143 120 128
1000000 143 120 125
1000000 143 118 128
1000000 143 120 128
1000000 143 120 136
1000000 144 118 129
1000000 144 150 126
1000000 144 119 128
1000000 144 120 134
1000000 144 118 126
1000000 145 117 125
1000000 145 121 129
1000000 145 121 128
1000000 145 120 129
1000000 145 120 130
1000000 146 119 126
1000000 146 117 127
1000000 146 119 129
1000000 146 120 136
1000000 146 120 130
1000000 147 120 129
1000000 147 121 127
1000000 147 118 138
1000000 147 119 128
1000000 147 119 125
1000000 148 117 127
1000000 148 121 128
1000000 148 121 127
1000000 148 118 130
1000000 148 119 128
1000000 149 119 126
1000000 149 117 129
1000000 149 120 129
1000000 149 119 126
1000000 149 117 129
1000000 150 121 139
1000000 150 119 126
1000000 150 117 130
1000000 150 120 129
1000000 150 122 138
1000000 151 120 130
1000000 151 119 129
1000000 151 119 126
1000000 151 117 128
1000000 151 120 130
1000000 152 120 127
1000000 152 117 129
1000000 152 120 129
1000000 152 128 126
1000000 152 116 128
1000000 153 118 129
1000000 153 119 126
1000000 153 128 131
1000000 153 122 132
1000000 153 120 127
1000000 154 117 130
1000000 154 120 140
1000000 154 120 128
1000000 154 117 129
1000000 154 119 129
1000000 155 120 136
1000000 155 117 552
1000000 155 120 131
1000000 155 118 126
1000000 155 116 137
1000000 156 121 133
1000000 156 121 130
1000000 156 118 132
1000000 156 121 131
1000000 156 120 128
1000000 157 118 130
1000000 157 119 130
1000000 157 120 127
1000000 157 115 127
1000000 157 116 128
1000000 158 119 127
1000000 158 139 130
1000000 158 117 130
1000000 158 118 127
1000000 158 117 132
1000000 159 119 131
1000000 159 119 127
1000000 159 117 130
1000000 159 120 138
1000000 159 119 128
1000000 160 126 134
1000000 160 122 133
1000000 160 118 127
1000000 160 116 130
1000000 160 120 132
1000000 161 119 129
1000000 161 117 131
1000000 161 121 134
1000000 161 122 131
1000000 161 117 131
1000000 162 120 131
1000000 162 120 138
1000000 162 119 132
1000000 162 119 130
1000000 162 119 128
1000000 163 116 131
1000000 163 118 131
1000000 163 119 129
1000000 163 123 131
1000000 163 118 132
1000000 164 129 128
1000000 164 119 133
1000000 164 121 134
1000000 164 120 129
1000000 164 117 133
1000000 165 119 130
1000000 165 117 128
1000000 165 117 132
1000000 165 119 132
1000000 165 125 549
1000000 166 118 133
1000000 166 120 131
1000000 166 119 129
1000000 166 117 131
1000000 166 121 132
1000000 167 120 131
1000000 167 115 131
1000000 167 118 130
1000000 167 119 137
1000000 167 117 132
1000000 168 120 133
1000000 168 119 130
1000000 168 118 132
1000000 168 120 145
1000000 168 121 132
1000000 169 119 134
1000000 169 120 132
1000000 169 119 140
1000000 169 119 133
1000000 169 120 134
1000000 170 119 131
1000000 170 128 135
1000000 170 121 134
1000000 170 122 131
1000000 170 119 134
1000000 171 120 135
1000000 171 120 136
1000000 171 125 134
1000000 171 120 134
1000000 171 119 131
1000000 172 117 133
1000000 172 120 134
1000000 172 120 141
1000000 172 118 133
1000000 172 120 133
1000000 173 119 131
1000000 173 126 133
1000000 173 120 134
1000000 173 128 132
1000000 173 117 132
1000000 174 118 134
1000000 174 120 132
1000000 174 117 134
1000000 174 119 142
1000000 174 119 131
1000000 175 118 134
1000000 175 120 134
1000000 175 120 146
1000000 175 118 591
1000000 175 119 133
1000000 176 119 131
1000000 176 117 143
1000000 176 119 133
1000000 176 120 130
1000000 176 119 135
1000000 177 122 146
1000000 177 119 132
1000000 177 119 137
1000000 177 123 136
1000000 177 119 131
1000000 178 116 133
1000000 178 118 133
1000000 178 118 140
1000000 178 118 135
1000000 178 120 136
1000000 179 121 139
1000000 179 129 136
1000000 179 120 135
1000000 179 120 133
1000000 179 117 133
1000000 180 119 133
1000000 180 129 135
1000000 180 119 137
1000000 180 120 135
1000000 180 120 133
1000000 181 118 135
1000000 181 119 135
1000000 181 120 144
1000000 181 118 137
1000000 181 118 134
1000000 182 118 132
1000000 182 126 134
1000000 182 119 134
1000000 182 119 131
1000000 182 117 134
1000000 183 119 136
1000000 183 119 134
1000000 183 119 136
1000000 183 120 145
1000000 183 128 133
1000000 184 117 137
1000000 184 122 136
1000000 184 117 131
1000000 184 115 139
1000000 184 116 515
1000000 185 117 132
1000000 185 117 133
1000000 185 116 133
1000000 185 116 133
1000000 185 116 141
1000000 186 117 132
1000000 186 122 130
1000000 186 114 130
1000000 186 119 134
1000000 186 118 134
1000000 187 116 133
1000000 187 116 133
1000000 187 118 133
1000000 187 116 134
1000000 187 114 130
1000000 188 114 130
1000000 188 121 137
1000000 188 121 137
1000000 188 115 132
1000000 188 116 132
1000000 189 116 133
1000000 189 116 133
1000000 189 117 134
1000000 189 117 144
1000000 189 116 133
1000000 190 116 134
1000000 190 116 134
1000000 190 116 134
1000000 190 116 134
1000000 190 117 135
1000000 191 119 135
1000000 191 117 134
1000000 191 117 143
1000000 191 116 133
1000000 191 116 134
1000000 192 117 134
1000000 192 116 135
1000000 192 114 132
1000000 192 115 132
1000000 192 118 135
1000000 193 119 136
1000000 193 117 135
1000000 193 117 134
1000000 193 118 136
1000000 193 117 136
1000000 194 118 135
1000000 194 117 135
1000000 194 116 133
1000000 194 116 135
1000000 194 117 134
1000000 195 118 136
1000000 195 118 145
1000000 195 117 136
1000000 195 117 135
1000000 195 115 134
1000000 196 115 134
1000000 196 126 138
1000000 196 120 138
1000000 196 119 137
1000000 196 119 138
1000000 197 116 143
1000000 197 116 134
1000000 197 116 135
1000000 197 116 135
1000000 197 115 133
1000000 198 115 134
1000000 198 117 136
1000000 198 118 135
1000000 198 117 136
1000000 198 117 145
1000000 199 120 139
1000000 199 116 135
1000000 199 124 135
1000000 199 116 133
1000000 199 116 134
1000000 200 116 135
1000000 200 116 136
1000000 200 115 135
1000000 200 116 143
1000000 200 117 136
1000000 201 116 136
1000000 201 116 134
1000000 201 116 134
1000000 201 118 139
1000000 201 118 139
1000000 202 116 136
1000000 202 116 136
1000000 202 116 134
1000000 202 116 134
1000000 202 118 136
1000000 203 117 137
1000000 203 116 136
1000000 203 119 138
1000000 203 118 138
1000000 203 117 136
1000000 204 116 136
1000000 204 122 142
1000000 204 123 142
1000000 204 117 136
1000000 204 117 136
1000000 205 116 136
1000000 205 116 136
1000000 205 119 139
1000000 205 121 139
1000000 205 117 147
1000000 206 123 137
1000000 206 117 138
1000000 206 122 139
1000000 206 117 136
1000000 206 116 137
1000000 207 121 141
1000000 207 121 141
1000000 207 117 137
1000000 207 115 136
1000000 207 116 136
1000000 208 116 138
1000000 208 118 138
1000000 208 117 137
1000000 208 118 138
1000000 208 117 138
1000000 209 114 135
1000000 209 115 144
1000000 209 124 142
1000000 209 121 143
1000000 209 115 136
1000000 210 115 136
1000000 210 116 137
1000000 210 116 136
1000000 210 119 140
1000000 210 119 143
1000000 211 117 138
1000000 211 117 137
1000000 211 122 138
1000000 211 116 138
1000000 211 114 135
1000000 212 114 135
1000000 212 118 146
1000000 212 118 140
1000000 212 118 146
1000000 212 118 140
1000000 213 114 137
1000000 213 118 139
1000000 213 127 149
1000000 213 115 136
1000000 213 114 136
1000000 214 116 138
1000000 214 116 147
1000000 214 115 136
1000000 214 115 137
1000000 214 119 140
1000000 215 119 141
1000000 215 117 138
1000000 215 116 139
1000000 215 115 137
1000000 215 115 138
1000000 216 115 138
1000000 216 115 138
1000000 216 116 138
1000000 216 117 138
1000000 216 117 140
1000000 217 117 140
1000000 217 117 139
1000000 217 119 142
1000000 217 119 142
1000000 217 117 138
1000000 218 116 140
1000000 218 115 137
1000000 218 114 137
1000000 218 117 140
1000000 218 117 140
1000000 219 117 141
1000000 219 117 141
1000000 219 117 139
1000000 219 117 145
1000000 219 116 138
1000000 220 116 138
1000000 220 118 143
1000000 220 118 142
1000000 220 118 140
1000000 220 116 140
1000000 221 117 140
1000000 221 117 141
1000000 221 117 140
1000000 221 117 142
1000000 221 118 141
1000000 222 117 141
1000000 222 117 141
1000000 222 115 138
1000000 222 115 138
1000000 222 120 143
1000000 223 120 144
1000000 223 118 141
1000000 223 129 142
1000000 223 117 141
1000000 223 116 141
1000000 224 116 140
1000000 224 116 140
1000000 224 116 141
1000000 224 117 139
1000000 224 116 140
1000000 225 120 138
1000000 225 167 227
1000000 225 120 143
1000000 225 119 143
1000000 225 116 141
1000000 226 122 141
1000000 226 115 141
1000000 226 116 140
1000000 226 118 142
1000000 226 119 142
1000000 227 116 140
1000000 227 117 141
1000000 227 119 142
1000000 227 115 140
1000000 227 115 140
1000000 228 119 143
1000000 228 119 146
1000000 228 116 149
1000000 228 116 140
1000000 228 115 139
1000000 229 120 145
1000000 229 120 145
1000000 229 117 143
1000000 229 117 143
1000000 229 115 141
1000000 230 115 140
1000000 230 116 150
1000000 230 115 141
1000000 230 118 144
1000000 230 118 144
1000000 231 116 141
1000000 231 117 142
1000000 231 114 140
1000000 231 116 142
1000000 231 117 142
1000000 232 115 142
1000000 232 116 142
1000000 232 115 141
1000000 232 116 142
1000000 232 115 140
1000000 233 115 141
1000000 233 118 145
1000000 233 119 145
1000000 233 116 142
1000000 233 116 141
1000000 234 115 141
1000000 234 115 142
1000000 234 119 143
1000000 234 119 145
1000000 234 117 153
1000000 235 116 143
1000000 235 116 142
1000000 235 114 150
1000000 235 114 141
1000000 235 118 144
1000000 236 118 154
1000000 236 115 143
1000000 236 115 142
1000000 236 115 151
1000000 236 116 148
1000000 237 117 143
1000000 237 119 153
1000000 237 117 143
1000000 237 117 152
1000000 237 115 153
1000000 238 115 141
1000000 238 115 142
1000000 238 118 154
1000000 238 123 145
1000000 238 117 143
1000000 239 117 153
1000000 239 117 144
1000000 239 120 145
1000000 239 123 153
1000000 239 116 143
1000000 240 118 144
1000000 240 117 154
1000000 240 118 145
1000000 240 118 153
1000000 240 114 151
1000000 241 117 145
1000000 241 117 145
1000000 241 117 154
1000000 241 117 144
1000000 241 115 143
1000000 242 122 151
1000000 242 116 143
1000000 242 116 143
1000000 242 117 155
1000000 242 117 145
1000000 243 116 144
1000000 243 116 153
1000000 243 115 143
1000000 243 115 143
1000000 243 117 155
1000000 244 115 145
1000000 244 116 145
1000000 244 115 153
1000000 244 116 144
1000000 244 116 144
1000000 245 117 154
1000000 245 114 142
1000000 245 114 143
1000000 245 116 154
1000000 245 116 145
1000000 246 115 144
1000000 246 115 153
1000000 246 117 146
1000000 246 117 146
1000000 246 117 155
1000000 247 123 144
1000000 247 115 145
1000000 247 116 156
1000000 247 116 145
1000000 247 119 148
1000000 248 119 158
1000000 248 115 145
1000000 248 115 145
1000000 248 115 153
1000000 248 114 143
1000000 249 117 145
1000000 249 116 154
1000000 249 139 147
1000000 249 114 144
1000000 249 114 153
