100 0 0
100 0 0
100 0 0
100 0 0
100 0 0
100 0 0
100 0 0
100 0 0
100 0 0
100 0 0
100 0 0
100 0 0
100 0 0
100 0 0
100 0 0
100 0 0
100 0 0
100 0 0
100 0 0
100 0 0
100 0 0
100 0 0
100 0 0
100 0 0
100 0 0
100 0 0
100 0 0
100 0 0
100 0 0
100 0 0
100 0 0
100 0 0
100 0 0
100 0 0
100 0 0
100 0 0
100 0 0
100 0 0
100 0 1
100 0 0
100 0 0
100 0 0
100 0 0
100 0 0
100 0 0
100 0 0
100 0 0
100 0 0
100 0 0
100 0 0
250 0 0
250 0 0
250 0 0
250 0 0
250 0 0
250 0 0
250 0 0
250 0 0
250 0 0
250 0 0
250 0 0
250 0 0
250 0 0
250 0 0
250 0 0
250 0 0
250 0 0
250 1 0
250 0 0
250 0 0
250 0 0
250 0 0
250 0 0
250 0 0
250 0 0
250 0 0
250 0 0
250 0 0
250 0 0
250 0 0
250 0 0
250 0 0
250 0 0
250 0 0
250 0 0
250 0 0
250 0 0
250 0 0
250 0 0
250 0 0
250 0 0
250 0 0
250 0 0
250 0 0
250 0 0
250 0 0
250 0 0
250 0 0
250 0 0
250 0 0
500 0 0
500 0 0
500 0 0
500 0 0
500 0 0
500 0 0
500 0 0
500 0 0
500 0 0
500 0 1
500 0 0
500 0 0
500 0 0
500 0 0
500 0 0
500 0 0
500 0 0
500 0 0
500 0 0
500 0 0
500 0 0
500 0 0
500 0 0
500 0 0
500 0 0
500 0 0
500 0 0
500 0 0
500 0 0
500 0 0
500 0 0
500 0 0
500 0 0
500 0 0
500 0 0
500 0 0
500 0 0
500 0 0
500 0 0
500 0 0
500 0 0
500 0 0
500 0 0
500 0 0
500 0 0
500 0 0
500 1 0
500 0 0
500 0 0
500 0 0
750 0 0
750 0 0
750 0 0
750 0 0
750 0 0
750 0 0
750 0 0
750 0 0
750 0 0
750 0 0
750 0 0
750 0 0
750 0 0
750 0 0
750 0 0
750 0 0
750 0 0
750 0 0
750 0 0
750 0 0
750 0 0
750 0 0
750 0 0
750 0 0
750 0 0
750 0 0
750 0 0
750 0 0
750 0 0
750 0 0
750 0 0
750 0 0
750 0 0
750 0 0
750 1 0
750 0 1
750 0 0
750 0 0
750 0 0
750 0 0
750 0 0
750 0 0
750 0 0
750 1 0
750 0 0
750 1 0
750 0 0
750 0 0
750 0 0
750 0 0
1000 0 0
1000 0 0
1000 0 0
1000 0 0
1000 0 0
1000 0 0
1000 0 0
1000 0 0
1000 0 0
1000 0 0
1000 0 0
1000 0 1
1000 0 0
1000 0 0
1000 0 0
1000 0 0
1000 0 0
1000 0 0
1000 0 0
1000 0 0
1000 0 0
1000 0 0
1000 0 0
1000 0 1
1000 0 0
1000 0 0
1000 0 0
1000 0 0
1000 1 0
1000 0 0
1000 0 0
1000 0 1
1000 0 0
1000 0 0
1000 0 0
1000 0 0
1000 0 0
1000 0 0
1000 0 0
1000 0 0
1000 0 0
1000 0 0
1000 0 0
1000 0 0
1000 0 0
1000 0 0
1000 0 0
1000 0 0
1000 0 0
1000 0 0
2500 0 1
2500 0 0
2500 0 0
2500 0 0
2500 0 0
2500 0 0
2500 0 0
2500 0 0
2500 1 0
2500 0 0
2500 0 0
2500 1 0
2500 0 0
2500 1 0
2500 1 0
2500 1 0
2500 0 1
2500 0 1
2500 0 0
2500 0 1
2500 0 0
2500 1 0
2500 0 1
2500 1 0
2500 0 0
2500 0 1
2500 0 1
2500 0 0
2500 0 0
2500 0 0
2500 0 0
2500 0 0
2500 0 0
2500 0 0
2500 0 0
2500 0 0
2500 0 0
2500 0 0
2500 0 0
2500 0 1
2500 1 0
2500 0 0
2500 0 0
2500 1 0
2500 0 0
2500 1 0
2500 0 0
2500 0 1
2500 0 0
2500 1 0
5000 0 1
5000 1 0
5000 0 1
5000 0 0
5000 0 1
5000 0 1
5000 0 0
5000 1 0
5000 0 1
5000 1 0
5000 0 1
5000 1 0
5000 1 0
5000 1 0
5000 0 1
5000 1 0
5000 0 0
5000 0 0
5000 0 1
5000 0 1
5000 1 0
5000 0 1
5000 0 1
5000 1 0
5000 1 0
5000 0 1
5000 0 0
5000 1 0
5000 0 0
5000 1 0
5000 0 1
5000 0 1
5000 0 1
5000 0 1
5000 0 1
5000 1 0
5000 0 1
5000 1 0
5000 1 0
5000 0 1
5000 0 1
5000 0 0
5000 0 1
5000 1 0
5000 0 1
5000 0 1
5000 0 1
5000 0 0
5000 1 0
5000 0 0
7500 1 1
7500 0 1
7500 0 1
7500 1 1
7500 1 0
7500 1 1
7500 1 1
7500 1 0
7500 1 0
7500 1 1
7500 1 0
7500 1 1
7500 1 0
7500 1 1
7500 1 0
7500 0 1
7500 1 0
7500 1 1
7500 0 1
7500 1 0
7500 0 1
7500 1 1
7500 0 1
7500 0 1
7500 0 1
7500 0 1
7500 0 1
7500 1 0
7500 1 0
7500 1 1
7500 1 1
7500 1 0
7500 0 1
7500 0 1
7500 0 1
7500 0 1
7500 0 1
7500 1 1
7500 0 1
7500 0 1
7500 1 1
7500 1 1
7500 1 0
7500 0 1
7500 1 0
7500 0 1
7500 1 1
7500 0 1
7500 0 1
7500 1 0
10000 1 1
10000 1 1
10000 0 1
10000 1 1
10000 1 1
10000 1 1
10000 0 1
10000 1 1
10000 1 1
10000 0 1
10000 1 1
10000 1 1
10000 1 1
10000 0 1
10000 1 1
10000 1 1
10000 1 1
10000 1 1
10000 0 1
10000 1 1
10000 1 1
10000 1 1
10000 1 1
10000 0 1
10000 1 1
10000 1 1
10000 1 1
10000 1 1
10000 1 1
10000 1 1
10000 1 1
10000 0 1
10000 1 1
10000 1 1
10000 1 1
10000 1 0
10000 1 1
10000 1 1
10000 1 1
10000 1 1
10000 1 1
10000 1 1
10000 0 1
10000 1 1
10000 1 1
10000 0 1
10000 1 1
10000 1 1
10000 1 1
10000 1 1
25000 2 3
25000 2 2
25000 2 3
25000 2 2
25000 2 3
25000 2 3
25000 2 2
25000 2 3
25000 2 3
25000 2 2
25000 2 3
25000 2 2
25000 2 3
25000 2 3
25000 2 3
25000 1 2
25000 2 2
25000 2 3
25000 2 3
25000 2 2
25000 2 3
25000 2 3
25000 2 3
25000 2 2
25000 2 3
25000 2 3
25000 3 2
25000 2 2
25000 3 3
25000 2 3
25000 2 3
25000 2 2
25000 2 2
25000 2 3
25000 2 2
25000 2 2
25000 2 3
25000 2 2
25000 2 3
25000 2 3
25000 2 3
25000 2 3
25000 2 2
25000 2 3
25000 2 2
25000 2 3
25000 3 2
25000 2 3
25000 2 3
25000 2 3
50000 4 6
50000 4 6
50000 4 5
50000 6 5
50000 4 6
50000 4 6
50000 4 6
50000 4 6
50000 4 6
50000 5 6
50000 4 6
50000 5 5
50000 4 6
50000 4 5
50000 5 5
50000 4 6
50000 5 6
50000 4 6
50000 5 5
50000 5 5
50000 4 6
50000 4 6
50000 5 5
50000 4 6
50000 4 6
50000 4 6
50000 5 5
50000 5 5
50000 5 5
50000 4 6
50000 5 5
50000 4 5
50000 4 6
50000 4 6
50000 4 6
50000 5 6
50000 5 5
50000 4 6
50000 4 6
50000 4 6
50000 4 6
50000 4 6
50000 4 6
50000 4 5
50000 5 5
50000 4 6
50000 4 5
50000 4 6
50000 5 5
50000 5 5
75000 6 9
75000 7 9
75000 7 9
75000 7 9
75000 6 9
75000 7 9
75000 6 9
75000 6 9
75000 6 9
75000 7 9
75000 7 8
75000 7 8
75000 7 9
75000 7 8
75000 7 9
75000 7 8
75000 7 8
75000 7 9
75000 7 8
75000 7 8
75000 7 8
75000 7 8
75000 7 8
75000 7 8
75000 7 8
75000 7 9
75000 7 8
75000 7 9
75000 7 8
75000 7 9
75000 6 9
75000 21 13
75000 7 9
75000 7 8
75000 6 9
75000 7 9
75000 7 8
75000 7 8
75000 7 8
75000 6 9
75000 7 9
75000 7 8
75000 7 9
75000 6 9
75000 7 9
75000 7 8
75000 7 9
75000 7 8
75000 7 8
75000 7 8
100000 9 12
100000 9 12
100000 9 12
100000 10 12
100000 9 13
100000 9 12
100000 10 11
100000 10 12
100000 9 12
100000 9 12
100000 9 12
100000 9 12
100000 9 12
100000 9 12
100000 9 12
100000 10 12
100000 9 12
100000 10 12
100000 9 12
100000 10 12
100000 9 12
100000 9 12
100000 10 12
100000 9 12
100000 9 12
100000 10 12
100000 9 12
100000 9 12
100000 9 12
100000 10 12
100000 10 12
100000 9 12
100000 10 11
100000 9 12
100000 9 12
100000 10 12
100000 9 12
100000 9 12
100000 10 12
100000 9 12
100000 9 12
100000 9 12
100000 9 12
100000 9 12
100000 9 12
100000 9 12
100000 9 12
100000 9 12
100000 10 11
100000 9 12
250000 25 33
250000 25 32
250000 26 32
250000 25 33
250000 25 32
250000 27 32
250000 26 32
250000 26 32
250000 25 32
250000 25 32
250000 25 33
250000 25 33
250000 25 32
250000 25 33
250000 25 33
250000 26 32
250000 25 33
250000 25 33
250000 26 32
250000 25 32
250000 25 33
250000 25 33
250000 25 32
250000 25 32
250000 25 32
250000 25 33
250000 25 32
250000 26 32
250000 25 32
250000 25 33
250000 26 33
250000 25 33
250000 27 32
250000 26 32
250000 26 33
250000 25 33
250000 26 33
250000 26 33
250000 25 33
250000 27 33
250000 25 33
250000 25 33
250000 25 32
250000 25 33
250000 25 32
250000 25 33
250000 26 32
250000 25 32
250000 25 33
250000 25 32
500000 54 69
500000 53 69
500000 60 69
500000 54 69
500000 54 68
500000 54 69
500000 55 68
500000 55 69
500000 54 68
500000 55 68
500000 53 69
500000 54 69
500000 54 68
500000 53 69
500000 55 68
500000 54 68
500000 55 74
500000 55 70
500000 54 69
500000 55 69
500000 54 68
500000 54 69
500000 55 68
500000 53 68
500000 53 69
500000 53 68
500000 53 68
500000 53 68
500000 53 69
500000 54 70
500000 55 69
500000 53 69
500000 53 69
500000 54 68
500000 53 69
500000 53 68
500000 53 69
500000 53 69
500000 54 68
500000 53 69
500000 55 68
500000 54 69
500000 53 69
500000 55 70
500000 56 70
500000 54 72
500000 55 69
500000 55 68
500000 54 69
500000 53 69
750000 85 106
750000 91 106
750000 83 105
750000 83 105
750000 82 105
750000 82 105
750000 83 105
750000 83 106
750000 84 106
750000 84 108
750000 85 106
750000 85 105
750000 83 105
750000 84 105
750000 84 106
750000 84 105
750000 111 106
750000 83 106
750000 83 105
750000 83 105
750000 83 116
750000 84 105
750000 85 106
750000 83 106
750000 83 105
750000 85 105
750000 85 105
750000 84 106
750000 83 106
750000 83 105
750000 81 106
750000 82 105
750000 86 105
750000 84 106
750000 83 105
750000 82 106
750000 83 108
750000 84 104
750000 82 106
750000 82 105
750000 81 106
750000 92 106
750000 87 105
750000 86 106
750000 84 106
750000 85 108
750000 84 107
750000 82 107
750000 83 106
750000 82 108
1000000 116 147
1000000 119 147
1000000 119 146
1000000 122 147
1000000 118 145
1000000 114 144
1000000 114 144
1000000 113 143
1000000 113 144
1000000 117 145
1000000 117 144
1000000 113 144
1000000 113 148
1000000 113 144
1000000 113 144
1000000 114 144
1000000 114 144
1000000 114 144
1000000 125 144
1000000 115 144
1000000 113 144
1000000 114 144
1000000 118 144
1000000 118 144
1000000 119 144
1000000 111 144
1000000 114 144
1000000 114 144
1000000 112 155
1000000 112 144
1000000 115 144
1000000 115 144
1000000 114 144
1000000 115 144
1000000 115 144
1000000 115 144
1000000 115 143
1000000 114 147
1000000 127 143
1000000 113 144
1000000 114 144
1000000 113 144
1000000 113 144
1000000 113 144
1000000 114 144
1000000 116 144
1000000 115 144
1000000 113 145
1000000 114 144
1000000 115 144
250000 29 38
